10.0182
9.74319
10.0965
9.64824
11.3394
9.10729
9.52093
10.1327
10.1523
10.6575
9.88778
11.1112
9.26435
9.79046
10.3083
9.71308
11.0365
11.0144
9.9436
10.3896
10.0898
10.5547
9.55315
10.0522
10.5813
10.905
10.6455
10.3975
9.48272
9.58824
9.47503
10.2933
10.6614
9.94942
10.24
10.2741
9.74514
9.80689
9.92311
9.29713
11.0436
9.25977
9.7043
10.397
9.63604
10.2065
9.22861
9.21801
9.43651
9.80135
8.65925
10.5378
9.82251
9.98273
9.50946
10.1412
10.1164
10.3995
10.3514
10.4243
9.389
8.86719
9.12825
11.1655
10.7052
10.6338
9.9119
9.41333
8.82654
10.6767
9.39432
10.6307
10.2812
9.04541
9.98282
9.90292
10.3817
9.98711
9.69604
11.1777
10.7087
10.0584
10.0757
10.6761
9.94234
10.4658
9.42346
11.0341
10.5612
9.33813
9.99197
10.3569
9.18925
9.57765
9.27079
10.0457
9.88576
9.484
10.1834
9.27298
10.0243
10.3586
9.7791
10.4318
10.8094
9.31382
10.0582
10.3858
10.095
10.2022
9.41692
9.82384
10.5855
10.09
9.54686
9.52657
10.3452
9.37765
9.99557
9.14418
9.05705
10.108
9.63266
10.1044
10.2692
9.66836
10.1689
10.3737
9.32232
9.49439
9.54921
10.6606
9.81652
10.0233
8.98195
10.6495
9.66018
10.2212
10.2863
11.3546
9.59036
9.8849
9.65103
10.3951
9.82383
9.88535
9.43659
9.8331
10.2971
10.0656
11.0116
10.1541
10.4087
10.9131
10.3024
9.65482
10.0983
9.47452
8.9913
9.93403
11.7591
10.6224
9.60149
10.718
11.0911
9.64512
10.0016
9.27109
9.16226
10.4921
10.6223
10.2023
10.3261
9.62524
9.53262
10.3128
9.84901
10.0711
9.85041
10.3129
10.2814
9.69853
11.1081
9.99411
10.3533
10.5065
10.7065
10.1631
9.79213
9.96012
9.99221
10.4033
11.24
9.90836
9.90578
10.4665
9.41097
10.8702
9.4643
10.1876
9.75098
10.3825
10.2369
9.30414
9.71441
10.1644
9.28187
10.1846
9.62541
10.1075
9.98457
9.30186
10.6891
10.0752
9.98092
10.191
10.3714
9.98393
10.7464
9.83329
10.5608
9.60639
10.4455
10.5522
9.59004
10.3539
10.5866
9.69754
10.6936
9.35086
10.4326
10.7229
10.5977
10.9762
10.2567
9.65275
9.26362
9.86217
10.6884
10.3386
10.0738
9.08151
9.72684
10.0131
10.4225
10.5736
9.51285
9.66191
10.5711
10.542
9.5421
10.0639
9.68508
10.0187
9.50728
10.1885
9.49142
10.5025
10.1095
10.042
10.2834
9.35999
9.7026
10.3363
9.96217
10.1605
10.3308
10.1016
9.2861
10.0111
10.0619
9.7636
9.70469
9.95451
10.7317
10.6569
10.1548
9.64229
9.83895
9.20457
10.1907
9.77235
10.2584
9.75437
9.77865
9.91011
9.84655
10.5515
10.1358
10.1689
10.5245
8.91666
9.48124
10.1811
10.0578
9.6214
10.0916
10.1144
10.1127
9.32278
10.5583
9.70748
9.95798
9.15073
9.8382
9.59163
10.4524
10.2672
10.4422
10.0544
10.7531
10.0426
10.1062
9.73174
9.61518
9.11373
9.93511
10.5692
10.0297
9.49564
10.1405
9.41603
9.11524
10.2701
10.7036
9.98121
10.2111
10.5429
10.6445
10.1294
10.5982
10.3477
9.87062
9.48491
9.53812
10.0666
9.90703
9.65147
9.99333
10.0499
10.3657
9.54251
9.55259
9.78709
9.77183
10.0703
10.7118
9.40938
9.91477
9.54152
10.359
10.0411
9.52747
9.22521
10.5374
9.63323
10.5481
9.95435
10.3848
10.3526
9.6816
9.45824
9.28659
10.3294
9.15382
9.28879
10.5018
9.86599
10.0841
10.539
9.85044
10.2084
10.833
8.92794
9.97747
10.1845
10.3045
9.21298
10.1428
10.486
9.42791
10.1843
9.95324
10.5254
9.83225
9.42638
10.2944
10.2645
8.72764
10.4665
9.507
10.5145
10.5236
9.29709
9.98947
10.8183
11.0012
10.1754
10.0114
10.442
10.4994
10.2878
9.68595
10.3044
11.0529
10.0145
9.59006
9.61722
9.34457
9.4686
10.1546
9.95163
9.17721
9.89799
10.7935
9.95175
9.54736
8.96251
9.73323
10.1146
9.87584
10.3493
9.7156
9.43602
10.1625
9.73155
10.4211
10.4414
9.2693
11.5065
9.737
10.6345
9.88622
10.3438
9.85258
10.0852
10.6635
9.03004
10.3571
10.4995
9.92729
10.0847
10.3237
9.67198
9.2967
9.12342
10.1855
9.34096
10.2428
9.81657
9.99103
9.65135
10.3242
10.4331
10.9085
10.0305
10.3455
9.91768
10.3727
9.56221
10.0268
10.4406
10.1315
9.19849
9.94566
9.67552
9.75
10.1684
10.6261
10.2679
9.87596
9.71162
9.67215
10.0889
10.9945
10.4645
10.4566
9.97742
10.1072
9.93417
9.2031
10.0681
9.51763
9.56212
10.8655
10.1644
10.2129
10.6132
9.85543
9.8279
10.6325
9.61575
9.63345
9.86403
10.0892
9.42869
9.71031
9.3043
9.64279
10.1019
10.0599
10.5413
9.3755
9.4649
10.16
10.2026
10.3511
10.756
10.1397
10.2677
9.81036
9.76645
9.5431
9.46251
9.99192
9.65501
9.96114
9.93051
9.83236
9.32267
10.2288
8.86592
9.88942
9.92994
9.25004
9.22488
9.82307
10.5261
10.2248
10.6887
10.2547
10.7642
9.91656
9.47944
9.46734
10.6908
10.9585
10.0931
9.6782
10.3546
11.0272
9.71419
10.9416
9.71649
10.012
10.1246
8.33054
10.718
11.0728
10.1259
9.54953
9.65824
9.64575
9.83022
9.96016
9.93896
10.839
10.308
10.0857
9.61695
9.94881
9.98463
10.2163
10.1141
10.1266
10.7835
9.31348
10.1253
9.03969
10.3325
9.95919
9.83152
10.5148
8.76923
10.3119
10.251
10.4271
9.49822
10.3519
10.2355
9.75906
9.61961
9.56049
9.47263
10.6543
10.8507
9.56984
9.62613
9.48892
9.97969
10.2225
10.0135
9.94742
10.19
9.83603
9.12939
10.183
9.14058
10.0077
10.3983
9.48601
10.35
10.1224
10.0066
10.4793
9.75276
10.2017
10.542
9.94096
11.1894
9.73535
9.60202
8.59835
9.69384
9.38867
9.47756
9.74484
9.64246
8.96176
10.4228
9.80418
9.47296
10.8468
10.3706
9.42288
9.22947
9.41094
10.2114
9.44196
9.33009
9.16293
10.2826
9.93031
10.0066
10.4771
9.65595
9.22899
9.67092
10.2533
10.7934
9.58397
10.104
10.7726
10.4935
9.89983
9.62341
9.28754
9.89487
9.65721
9.72456
9.27689
10.9364
10.1305
9.94314
8.78216
9.74808
9.89886
10.1145
9.64115
10.1753
9.98577
9.14891
10.5693
11.1192
10.5912
9.78628
10.524
9.94083
9.4312
9.84283
10.4598
9.7479
9.33962
9.66298
10.2398
10.0749
10.1171
9.6698
10.1594
10.218
9.83159
9.99572
10.6576
10.0002
10.3711
9.86441
10.2336
10.547
9.90022
9.67223
9.21354
9.85937
9.65351
9.99112
9.97308
9.50795
11.074
10.42
10.2101
9.81911
10.1389
9.57169
9.17123
9.97197
10.3628
9.82924
9.57471
9.76569
10.3015
9.28339
10.3327
10.0313
9.67138
9.64943
10.2483
10.0913
10.2612
10.3044
10.3951
9.0586
9.72318
10.2551
10.0825
9.98245
9.54458
10.5477
10.9812
10.538
10.161
10.1572
9.27655
9.75143
9.35306
10.0424
9.92622
10.6857
10.8668
9.66535
9.34301
9.29317
10.7389
9.89917
10.1741
10.6625
9.96565
9.93852
10.0715
9.43803
9.9017
9.39202
10.0189
9.43272
9.63652
9.67896
10.3589
9.05984
9.63666
10.655
9.82707
10.1737
10.2445
10.0568
10.3054
9.36047
9.85632
9.6437
9.30944
10.1618
9.94693
9.46443
9.6267
10.1733
10.7793
10.0427
10.8566
9.76176
9.7916
9.66736
10.6034
9.70808
10.0645
10.3546
9.71046
9.23405
8.8912
10.4858
10.2834
9.48133
10.381
10.2339
10.7877
10.4665
10.0704
9.89923
8.94785
9.58521
8.86846
9.52718
9.61364
10.3845
10.5443
10.2883
10.2404
9.78982
10.179
10.6329
10.2272
9.84341
9.97347
10.1821
10.2409
10.1179
10.4428
9.92976
9.68676
9.852
9.77979
9.92411
10.3988
9.54976
9.66868
10.1367
10.5545
9.88265
9.79573
9.84431
10.0747
9.38131
9.88714
10.2517
10.0688
9.55798
9.94984
9.77546
10.3998
9.60601
10.321
10.1291
9.98858
9.60789
10.2728
10.5977
10.5609
9.19501
10.6496
10.7494
10.188
10.204
9.96763
10.4452
10.2114
9.17129
9.16923
9.66589
10.152
9.92175
10.4037
9.35147
10.8097
9.48211
9.29342
10.5237
10.1201
9.39877
10.9109
10.8052
9.90585
9.99385
10.5059
9.90504
8.97363
10.417
9.88165
10.1719
9.96719
9.62169
10.712
9.57987
9.38581
10.007
10.4557
9.78252
9.36904
10.7226
9.63869
10.3211
10.134
10.3536
10.3031
9.07827
10.2175
10.3619
10.3779
10.5739
9.60127
10.6296
10.6335
9.45264
10.4889
9.75969
10.1741
9.57851
10.4215
10.4656
9.91809
9.91153
10.2036
10.1665
10.3781
10.6422
10.1307
9.13384
9.84653
9.75489
9.7841
11.4502
10.4376
10.4909
10.9498
9.21144
9.41113
9.71126
9.31553
9.66583
9.60219
10.1757
8.99028
10.3178
9.65183
8.74969
10.7473
10.5406
10.6509
10.1894
9.32751
10.6085
10.5953
11.1396
10.2288
9.77815
10.4389
9.72491
10.5472
10.0828
9.71301
10.4995
9.5528
10.4703
9.40828
9.82895
10.9218
10.8976
9.67592
10.1125
9.51597
10.5173
10.6833
9.84593
8.93414
9.73884
9.98962
9.65864
9.92606
10.2633
10.1662
9.01785
9.40689
9.57222
10.2611
10.538
10.6354
9.87941
10.2986
9.5718
9.32261
10.0649
9.36786
10.2717
10.5016
10.1851
10.8396
10.4299
10.1418
10.342
8.91579
9.10316
10.5229
9.84917
9.52585
9.41233
9.46595
9.82357
9.5534
10.3791
10.7382
10.5396
10.1747
9.75034
10.3651
10.0274
9.93534
10.1353
9.58071
10.5662
9.49727
9.73948
10.6167
10.1389
9.75098
9.70061
9.75644
10.0384
9.39183
9.81707
10.4228
10.0347
10.6379
10.9365
9.81294
11.0317
10.463
10.1802
10.4763
10.0216
11.2422
10.7351
8.99239
9.78295
10.2635
9.84176
10.2268
10.621
10.7871
10.0673
9.21804
10.4618
9.48477
10.6811
10.1862
11.0152
10.0724
9.49191
9.67516
9.98753
9.40648
10.564
9.94789
11.1595
10.3265
9.65158
10.3465
9.27178
10.7282
10.1131
10.2341
9.52648
10.2105
9.73567
9.99119
9.98557
10.0628
10.3641
10.2255
10.181
10.7215
10.5898
9.91593
10.3243
10.6242
10.0686
9.05029
9.81673
9.62065
9.39336
9.86989
9.97023
9.76576
9.62262
10.0419
9.98848
10.1478
10.8999
10.129
9.84764
10.2173
9.80341
9.6005
9.84106
10.4724
10.8614
10.6491
9.73286
9.41042
10.5036
9.12577
10.2822
10.2046
10.2227
10.2048
10.0721
9.9117
9.44018
9.14587
10.3832
9.9433
10.826
9.8932
10.0447
9.1419
10.3379
10.1724
9.73243
9.78912
9.39618
10.0079
9.18773
9.58026
9.62946
9.3435
9.3599
9.08281
10.4275
9.2905
10.5019
9.81596
8.63685
9.49379
10.3148
9.7172
9.37507
10.5595
11.0318
10.3902
10.1694
9.43492
9.44375
10.3707
9.9399
9.73283
10.2036
9.43973
10.2682
10.1604
9.77693
10.4838
10.7758
10.7041
10.6313
10.1642
10.3586
10.1063
10.2576
9.50292
9.66584
9.6425
9.93841
9.44611
10.1417
10.0907
9.83393
10.1282
9.54864
9.75472
9.54214
9.73292
10.568
11.1264
9.70648
9.74782
9.69756
10.0976
9.55085
8.87479
10.1124
10.8082
9.66962
9.93528
9.53277
10.5552
10.3572
9.89071
10.3733
10.0208
9.96892
10.1064
9.97669
8.85195
10.2527
9.27969
10.2933
10.4166
9.66975
10.4882
10.8041
10.8882
9.68674
10.1228
9.89364
11.0034
9.94682
9.83154
9.95716
10.7202
9.40241
10.6228
9.23772
9.95801
10.2626
9.47652
9.25854
10.5846
10.5687
10.4678
10.3907
9.9473
10.3312
9.91682
10.5112
9.65326
9.94709
10.7839
9.85549
8.89817
9.67594
9.76099
10.4863
9.71313
9.34146
10.5964
9.99662
8.93337
10.4552
9.37853
9.78006
9.67559
9.67522
9.48435
11.0581
10.615
10.4066
10.3919
9.53561
10.2253
9.67596
9.38876
9.92868
10.2187
10.4179
9.19124
10.1195
10.4144
10.652
10.6779
10.551
10.1943
9.38206
9.0222
9.88618
10.4437
10.128
9.90806
9.90194
10.628
9.92923
9.90466
9.92761
10.2392
9.034
10.2186
9.98754
10.7175
9.81033
10.144
9.40394
10.0603
9.59618
10.1863
10.3673
10.363
9.63444
10.6308
9.65093
10.692
8.46551
10.2783
9.75787
9.35366
10.3892
10.4107
9.25698
9.62282
9.90758
10.5201
10.0787
9.54637
9.12476
9.73886
9.58473
9.5924
10.0552
9.95565
9.4402
11.0552
10.3771
10.7843
11.0296
10.2672
9.57827
10.2427
10.008
10.1548
9.25321
9.90684
10.3343
10.1488
9.58816
8.97447
9.79453
9.9028
10.3297
10.3206
10.0519
10.1759
10.3545
10.6359
9.54914
9.86935
9.45983
9.18907
9.60791
10.0001
9.7123
9.74078
10.7618
10.4829
9.7249
10.2958
9.51523
10.1871
10.0011
10.4569
10.098
9.33919
10.2384
8.9987
10.2188
9.75359
9.85968
10.0443
9.6662
10.6788
9.46022
9.54302
9.21462
10.1652
10.2395
9.96098
10.3151
10.5892
10.0925
9.98919
9.86899
9.97578
9.80776
10.2466
10.6763
10.1144
9.68608
9.92865
9.51602
9.82303
9.38237
10.2316
9.81736
9.99994
10.3494
10.0439
10.1437
10.3538
9.96686
9.70879
10.6009
10.2353
9.66431
10.1919
9.0867
9.49058
8.95649
10.2447
10.7618
9.27554
9.14759
10.5321
10.676
11.1117
9.80384
9.21402
10.2553
10.394
10.067
10.7993
9.90198
9.22608
10.3597
9.87309
10.3577
9.71057
10.7051
10.3941
9.71988
10.2674
8.87964
9.90809
9.827
9.92341
10.2226
9.52109
10.0461
9.7149
9.90135
10.004
9.94361
9.40644
9.83914
10.586
9.88896
9.48393
10.6058
10.0552
9.31475
10.149
10.8323
9.95346
8.92531
9.79218
10.3287
9.5756
9.91224
10.1763
9.60751
10.3215
9.74829
10.5948
10.0036
9.77134
10.6998
9.62756
9.05905
10.6438
11.2032
10.8228
10.3021
10.2051
10.257
10.0861
10.4402
10.3244
9.50397
9.9546
10.7204
8.86191
9.42496
10.3013
10.3193
9.79471
10.335
10.798
9.664
10.0338
10.4473
10.5601
10.1681
9.75072
10.7066
9.4769
10.3314
10.0786
9.65335
10.6883
10.4209
10.2193
9.99947
10.0331
9.32833
10.8118
8.98902
10.6468
9.77644
9.35827
10.1252
9.71015
9.91186
10.4005
9.3759
9.79885
10.8118
11.0308
10.4148
9.47102
10.0804
10.5709
10.5668
8.71063
10.4281
10.5955
8.63878
9.97533
10.0175
10.0224
9.4139
10.0004
10.4589
9.80628
9.96162
10.1496
10.6404
10.4825
8.74722
9.66281
10.1679
9.59766
9.99114
10.6838
9.07339
9.57006
10.8745
9.82876
9.59659
9.38321
9.69208
9.73224
10.9519
9.41853
10.5607
9.34592
10.1597
9.97127
10.0796
9.47348
9.48548
10.588
9.51539
9.76668
10.572
10.525
10.7764
10.2883
9.8381
10.5338
9.86934
9.62619
9.57392
9.3073
10.0215
8.5074
9.2139
10.4694
9.88616
9.7658
10.5515
9.95848
9.73223
9.58455
9.84778
9.33291
9.84942
11.0373
9.43473
9.58811
10.2365
9.84309
10.2753
9.76337
11.1051
10.3686
10.4482
10.4064
9.38249
10.1195
9.8452
9.68187
10.1387
10.5499
9.66197
9.71262
10.0691
10.0797
10.3246
10.0157
9.75714
9.598
10.0807
9.82708
10.2305
9.82297
10.213
9.65377
9.41915
10.2345
9.89471
10.4911
9.09193
9.24553
10.3648
9.61339
10.6958
10.296
10.105
10.1579
10.7166
9.14629
9.80138
10.0788
10.1551
9.288
9.10229
10.479
9.16627
9.56421
10.1953
9.78508
8.9256
8.66757
9.52973
10.2097
9.35989
9.97867
10.9737
9.93832
9.84448
10.7347
10.1709
10.1802
10.0538
9.62988
9.88252
9.6777
9.79585
9.5806
9.98503
9.63417
10.2317
9.66673
9.69226
10.0131
8.83531
10.4899
9.61841
9.66288
8.81271
9.25635
9.64889
9.95745
10.5945
9.74197
9.62023
10.4617
10.0409
9.28496
9.54685
9.57387
10.6294
10.6047
9.92937
10.1927
9.56073
9.96351
9.96579
10.352
10.114
8.72693
10.2518
10.0656
10.4661
10.0293
10.5969
11.3092
9.03544
9.98852
10.3375
9.39762
10.6645
10.3137
9.32601
9.37642
9.83076
9.96814
10.3897
10.1834
10.6624
9.50501
10.8562
10.0199
10.3348
9.87078
10.961
10.8438
10.0624
10.5269
9.27723
9.45916
10.1178
9.98003
10.6499
9.88036
10.3086
10.7302
10.5308
10.4023
9.67121
10.0465
10.4281
10.0339
9.73109
10.8267
10.3038
10.1761
9.47025
9.60755
9.16938
11.3272
9.5994
9.34343
10.0088
9.83026
9.90061
10.7361
8.81289
9.88199
8.83918
10.1975
10.1968
9.81389
9.28396
9.29174
9.71385
9.15277
10.7453
9.45447
10.5676
9.8911
10.516
9.48127
10.0085
10.0108
9.53937
10.8659
9.89603
10.5016
9.60269
10.4605
10.2781
10.1222
9.36386
9.56712
10.0632
10.0244
10.2251
9.64286
9.3003
11.2369
10.2697
9.37153
9.7802
9.34979
9.8099
9.79477
10.7268
10.1706
9.79313
10.1468
10.9574
10.2611
9.97613
10.2182
10.417
9.3728
10.3935
9.61672
10.2815
9.96863
9.63993
10.3716
9.55264
10.661
10.357
9.25457
9.67855
10.3231
10.2407
9.51718
10.7874
10.4651
9.7883
9.63821
9.69398
11.0736
9.3865
10.5075
10.706
9.6389
9.53748
9.61401
9.28965
9.43312
9.93228
10.7102
10.5204
9.56511
10.7639
10.2522
10.8673
10.4422
10.5937
9.6963
10.2539
10.9713
9.99246
9.29637
9.71593
9.95682
9.99825
9.77007
10.0187
10.4544
9.98496
9.63324
10.0609
10.3504
9.59757
9.80319
9.49855
10.1716
10.4454
9.48691
9.97811
10.8763
10.5302
10.4388
9.80702
10.6937
10.1892
9.78162
10.1305
10.4942
9.81845
10.5873
10.0012
10.1155
10.1397
9.97255
9.90086
9.90088
9.8409
9.02463
9.64743
9.65482
9.68656
9.93209
10.4124
9.46191
9.79619
11.1384
9.75761
9.14154
10.6551
10.2937
10.5173
10.3194
9.51593
8.96621
9.22587
9.69458
10.0727
10.3735
10.7608
10.8139
10.0989
9.91676
11.3557
9.52412
10.3065
9.71269
10.0547
10.2024
10.1226
10.4406
10.9554
9.20556
10.1985
9.05376
9.80094
9.83818
9.47955
10.1206
10.3257
10.8116
9.63519
10.6232
9.32678
9.99243
10.138
9.98605
10.2006
10.0146
10.2434
10.8629
9.86361
9.52516
10.1063
10.0373
10.8592
10.4311
10.0839
9.06994
10.1946
10.1665
10.9213
9.70583
10.1702
9.82214
10.4532
10.5529
10.4991
9.56597
11.1891
9.81002
8.96156
10.6026
10.1887
9.42932
9.86649
10.5122
10.5552
10.9971
10.1233
9.44338
10.4175
10.4404
10.7724
10.4459
10.4404
10.2703
8.635
10.8074
9.55034
9.66498
9.33976
9.39153
9.92815
10.1872
9.79311
9.82079
10.4314
10.0055
9.52092
9.71446
10.1131
10.1275
9.32262
10.0522
9.73141
10.8054
10.2369
10.099
10.7388
9.78524
10.0853
9.52093
9.20023
10.0545
10.0511
9.57425
10.5085
10.6557
9.62371
9.61099
10.5684
10.0654
10.0509
9.76696
10.5383
10.1049
10.0942
10.065
9.86242
9.84476
10.1409
10.1014
10.7173
10.0325
10.0467
9.36004
10.1084
9.71004
10.1811
10.3214
10.2367
9.18247
10.698
9.64021
8.94659
9.18695
10.1412
9.86692
10.2947
10.3012
10.1581
10.496
10.0212
10.1834
10.2152
10.2675
10.2548
9.97612
9.33609
9.16506
10.1095
10.7763
9.63973
9.88666
9.21715
9.71828
9.91021
10.6479
10.2164
10.3198
10.6618
9.34167
9.80905
9.6288
10.5136
10.2932
10.8483
10.3549
9.69242
10.0044
9.64718
10.0799
10.2918
9.71234
9.67937
9.9231
10.1864
9.59743
10.4654
9.51454
10.0408
9.96523
10.0325
9.57061
10.2348
9.65911
9.92011
9.76964
10.2918
9.88641
9.77483
10.394
10.2276
10.0254
9.6387
8.83041
9.82991
10.1643
9.77768
9.79421
10.25
9.93593
9.79377
10.1564
10.318
10.1757
9.68381
10.1707
9.27081
10.4422
10.0848
10.27
11.3965
9.91232
10.8113
10.1914
9.97233
10.1825
9.1599
10.3931
10.248
10.2318
9.86024
9.77555
10.1832
9.93668
9.54434
10.8103
9.51939
9.78919
8.9362
9.78237
10.1917
10.7383
9.55998
9.80396
9.9041
10.1816
10.5318
10.086
9.67065
9.56802
10.1559
9.89831
10.4338
9.62624
10.0626
9.86072
10.2383
10.0133
10.0585
10.7002
9.31272
9.76629
10.4818
9.56312
10.5925
10.0923
10.3885
9.79201
9.90076
10.1455
9.45529
9.9262
9.61706
10.2296
9.03621
8.8602
10.0664
9.2119
9.98438
10.5785
9.94826
10.458
9.87193
11.2679
9.46263
10.2777
9.09585
9.55195
10.2748
9.7234
9.86215
10.0511
10.633
10.7493
9.81787
8.7186
9.95792
9.94678
10.5132
9.5718
10.6193
9.88805
10.3884
10.7814
10.4512
10.6218
9.63329
10.0184
10.2364
10.3914
9.18884
9.54377
10.5586
9.70959
9.76753
9.38542
9.81177
9.39312
9.14444
9.69027
9.6074
10.0451
10.4811
11.1477
9.77772
10.508
10.0467
9.78513
10.7712
9.68148
10.1984
10.7213
10.863
10.0118
9.86948
10.2892
9.79666
10.1607
10.2199
9.67676
9.87943
9.81419
9.47346
9.83462
10.2587
9.44801
10.5456
10.1806
9.36434
10.8261
11.1146
10.1261
10.0742
10.4645
10.4651
10.7943
10.4267
10.1251
10.5429
9.89181
10.2059
9.43059
11.4247
10.0915
9.14219
10.258
10.2749
10.2504
10.2428
10.4212
9.27553
10.0003
9.7935
10.014
10.2376
11.1119
10.4488
10.2841
10.0355
10.3754
9.69408
10.0937
8.64799
10.9689
10.597
10.4004
10.0268
10.5098
9.21163
9.65882
10.2206
10.1112
11.2008
9.9192
10.3115
10.9787
10.0313
9.91873
8.87754
9.71727
10.4226
9.5468
10.1526
10.4676
9.36931
10.1782
9.40739
10.11
9.78546
9.81482
10.5862
10.2168
10.5695
10.2084
9.97129
9.60257
9.97463
10.1745
10.6829
10.1007
9.46118
9.8679
10.2952
10.0244
10.0272
9.5233
10.5768
10.3594
9.77851
10.7262
10.3262
9.51508
9.99592
9.78621
9.68634
10.404
10.5178
10.6685
9.72674
10.7503
9.60354
10.7411
10.5043
10.2478
10.2292
8.98329
9.54608
9.7163
10.4376
10.21
9.74116
9.61132
10.9221
9.40791
9.37838
10.3041
10.1344
9.63308
9.5043
10.4791
9.7316
10.3577
10.6611
11.2508
9.79781
10.1799
10.3927
9.36961
9.3161
9.91673
9.96643
9.46002
10.3074
9.95897
9.42584
9.32328
10.0364
10.6912
10.3604
10.9295
10.0787
9.15424
10.4224
8.93334
9.43404
10.3794
10.6324
10.6634
10.7249
9.71196
9.40513
10.3033
10.6178
10.3166
9.67221
10.4547
10.6163
9.51544
9.64882
10.5326
8.75626
9.45972
10.1359
10.0524
9.8778
9.93181
10.1129
11.2632
10.008
9.68963
10.0709
9.97508
10.7272
9.93079
10.1796
11.2153
11.1111
9.10834
10.1521
9.26335
9.45395
9.70978
10.4928
10.3121
9.7573
9.34019
10.0012
9.69926
10.6758
9.97895
10.776
9.97244
10.173
10.4005
9.68619
10.4158
9.67317
9.41492
9.49392
9.93516
9.97458
10.4347
10.5099
9.29041
10.4315
9.87571
9.97142
10.2919
11.0727
9.60014
10.3529
9.37052
10.3998
9.09084
10.5024
10.3167
9.42532
10.1442
10.0777
10.3933
9.64997
10.4701
10.0428
9.61322
9.93774
9.58979
10.6452
10.1227
10.6167
10.144
9.36493
9.37679
9.71922
9.8919
10.6658
10.1375
10.93
10.4876
10.57
9.65854
9.94775
9.12439
10.3632
10.1461
10.4199
10.3823
10.2042
10.2167
10.1716
10.8256
10.1591
10.6519
10.2835
10.9542
9.01465
9.71442
9.99192
10.1266
9.44053
10.3888
9.38858
9.88542
9.96711
9.77164
10.2659
10.6449
9.73423
9.71183
10.3479
10.6708
10.4661
9.92786
10.3709
9.35325
9.92527
10.0857
9.29143
10.3669
9.19379
10.5739
9.42897
9.59562
9.29659
9.97752
10.0424
9.40261
10.0945
10.1807
10.0646
9.15966
10.0072
9.95648
10.3854
9.54514
9.62428
9.54144
9.69014
10.518
10.1334
10.2049
10.6895
10.1184
10.372
10.3182
9.52345
9.77105
9.62078
9.9452
10.2386
9.54331
9.35361
10.7334
8.56606
9.42715
10.024
9.98123
9.10036
9.30629
9.51065
9.36897
10.379
9.56039
10.1411
10.3316
10.2676
9.58645
9.10401
10.8849
10.4974
9.70611
10.2512
10.1122
8.78502
8.85315
10.626
10.8207
10.4843
9.79307
9.83265
11.5358
10.4934
9.90264
10.4108
9.3255
9.65951
9.14576
9.64514
10.8207
10.0639
9.76684
10.088
9.99851
10.3812
10.0669
10.261
10.1941
11.1815
9.63413
10.5899
9.61913
9.78482
10.688
10.3552
9.98179
9.82566
10.2502
9.95856
9.73949
10.3978
9.28571
10.0766
9.81504
9.94108
10.306
10.6529
9.92222
9.66945
10.1884
10.599
10.2822
9.60261
10.2072
9.20416
10.2538
10.3881
9.84053
9.48684
10.0727
9.67654
9.64714
9.76094
10.6248
9.52823
10.6962
10.2346
9.90863
9.90522
10.1106
10.1174
9.8619
10.0944
10.0175
10.3648
9.70094
9.80338
9.77671
10.6377
9.40296
9.96025
9.62981
9.97381
10.0588
9.83994
10.2323
9.93447
11.3399
10.4093
10.4493
9.64049
10.1469
10.522
9.62388
9.38604
10.2007
10.5728
10.2756
9.96552
10.0414
9.84426
10.8358
10.5609
9.6614
10.0082
9.62426
9.76223
10.1909
10.2006
9.95314
10.1211
9.13186
9.93727
9.75473
9.05527
9.94598
10.3724
10.08
10.5676
10.8932
9.89724
9.71
10.1771
9.87609
9.36136
10.1516
10.1897
10.6822
9.93488
9.70766
10.0358
10.211
9.77998
10.1146
9.48546
10.6711
9.92229
9.45793
10.4141
10.4226
9.85594
10.3614
9.31592
10.7202
10.3897
10.5734
9.8567
10.0769
9.6146
9.77847
9.28088
9.75216
10.049
10.2643
9.62833
10.332
8.88569
10.2558
10.2549
10.6084
10.2092
9.63711
10.3321
10.3819
10.0395
9.47745
10.1981
10.1776
10.6214
10.5082
10.4273
9.32223
10.6189
10.0334
9.3761
11.0305
10.6219
9.68512
9.73626
9.49522
10.0731
9.12287
10.8195
9.94109
10.2087
9.67818
10.8517
9.46262
9.46671
10.6546
9.17385
10.7677
10.6198
9.99724
9.20345
9.83334
10.4372
10.5103
9.7752
9.77133
9.61231
9.69762
10.5218
10.3625
9.54111
9.72912
9.20554
9.69768
9.90757
9.9861
10.5741
10.6272
10.4884
9.62681
9.58637
9.24898
9.80012
10.1628
9.41771
10.6035
9.85128
10.1768
10.4211
10.2139
9.84172
10.5569
10.0092
9.84349
9.58032
9.82461
9.44824
9.48064
10.05
10.3632
9.27997
9.55476
10.4262
9.40629
10.0991
10.6367
10.009
10.561
8.99354
10.0868
9.88755
9.59181
10.4086
10.8358
10.4067
9.53706
10.2909
9.71099
10.4355
9.45668
8.9836
10.3859
11.1462
10.1828
10.1531
10.0312
9.08359
9.62842
9.88202
10.151
9.61707
9.78005
10.417
9.27333
11.1987
10.2507
10.7896
10.6893
10.5299
9.95289
10.1326
9.57812
9.99577
10.067
10.6705
9.8113
10.0629
11.1494
9.59004
9.59872
9.49961
9.85266
9.62955
8.86658
10.3504
9.74712
11.3352
9.38461
9.09766
10.3223
10.0176
10.3212
10.3581
8.80129
9.75353
10.1532
9.56998
9.87729
10.1615
9.39339
10.0541
9.98454
10.0552
10.5319
9.95274
10.0885
10.7978
10.1952
10.4085
9.96011
10.4855
10.0522
10.745
9.98823
9.4205
9.72206
11.3822
10.4383
10.0322
9.19826
9.10793
10.3878
10.413
10.1612
10.1359
10.4796
9.15429
9.55514
9.99153
10.2277
10.1559
10.454
9.93855
10.983
9.26967
10.4402
9.35817
10.4738
10.174
9.11024
9.00458
9.91817
9.57519
9.21167
10.8516
9.43992
10.2986
10.156
10.6073
10.5897
10.6908
9.52874
10.1628
11.5628
9.1984
9.85134
9.78324
11.117
9.61709
10.296
9.76711
10.1309
10.1686
9.5958
10.7128
10.4926
9.82285
10.4936
9.61509
10.5509
9.39186
9.50214
10.0741
10.1011
10.1843
9.92996
9.30733
9.80561
10.3769
9.99557
9.69434
10.0009
9.77185
10.8032
9.61285
10.8417
9.86866
9.78597
10.8074
10.5067
10.075
10.0146
10.0667
9.5865
9.63729
10.2098
10.9498
10.1633
10.5685
10.4688
9.98237
10.1627
9.83546
9.618
9.37011
10.4504
9.54531
10.4861
10.1214
10.3034
9.91777
9.84168
10.7923
10.8237
9.57579
10.0588
10.3503
9.134
9.12522
9.58289
10.0926
10.5711
9.95494
10.1888
10.3032
9.43114
10.1362
9.8069
10.6115
9.80634
9.43228
10.1316
10.5741
9.83386
10.6413
9.43329
9.70035
9.69482
9.20025
10.6828
9.59727
10.0874
9.98782
11.0517
9.27081
9.99607
10.7451
10.3321
10.3518
9.28326
9.74966
9.97094
10.5561
9.95116
10.0699
10.9323
9.52796
10.1529
10.0078
10.5388
9.55946
10.2403
10.0398
9.80122
10.426
10.1731
9.53273
9.99608
9.42777
9.76607
9.57036
9.88411
10.5963
10.405
10.1479
8.99498
9.73426
9.80558
10.0701
9.98963
10.2212
10.0445
9.67158
10.3507
9.16232
9.77068
10.3009
9.78312
10.4341
10.2636
9.58323
10.4487
10.075
9.61781
10.4947
9.88015
9.46063
10.0578
10.1971
9.86104
10.1483
9.88242
10.0849
10.0151
9.80097
10.1923
10.237
9.5018
8.92706
10.194
10.1985
10.351
10.6624
10.8417
10.0092
10.3089
10.722
9.93733
10.2807
10.4
10.0035
10.6064
10.2153
10.5793
9.6832
10.4538
10.1919
9.57585
10.2986
9.90792
10.1847
9.76029
9.19567
10.3362
10.6558
10.4223
10.324
10.324
9.33357
10.7548
9.68261
10.2669
9.66005
10.6241
10.2687
11.0557
10.2569
10.1194
10.0153
9.45867
9.81343
9.75167
10.5234
9.59206
10.1335
8.94662
9.84485
9.69354
10.8331
10.1274
9.41137
10.0536
10.2573
10.115
10.2279
10.9996
9.71068
10.456
9.54518
9.73772
10.1016
9.04791
10.841
9.79471
10.1208
10.4919
9.81392
9.9662
10.362
10.3422
9.68854
9.03104
9.79837
9.84836
9.0917
9.95021
9.30662
9.58423
10.538
10.4817
9.80783
11.1339
9.82822
10.4637
10.1339
9.61634
9.70941
10.6152
10.5193
9.61741
9.68703
9.66627
9.82256
10.1224
9.334
10.7311
10.3779
10.2272
10.6488
9.02545
9.73612
9.93729
9.43646
9.49624
10.5853
11.0136
9.41431
9.51315
10.4513
9.73797
10.0802
9.85901
10.9788
9.80713
10.9638
10.1554
8.44632
10.4296
9.80627
10.3902
9.95118
9.66021
10.1104
10.4136
10.2494
9.95694
9.96755
10.1031
9.93379
9.36225
10.4563
9.76707
11.2821
10.8876
10.4989
9.42956
10.1584
9.70095
10.3437
9.53822
10.9936
9.66789
9.90581
10.3967
10.1975
10.5116
9.86698
9.57048
9.80016
10.2586
9.37742
10.551
10.4784
10.3238
10.596
9.8747
10.1578
9.2629
10.2638
10.2511
10.4165
9.67224
9.48512
10.0641
9.46687
9.98277
9.97622
8.83362
9.26783
10.1982
10.476
10.947
10.2602
9.96379
9.93393
9.99385
9.85809
9.85175
10.4855
9.45711
9.9485
9.72564
9.773
9.60307
10.783
10.0635
9.81905
10.5363
9.96513
9.58956
10.9329
10.4955
9.73261
10.5881
10.514
9.6407
9.99856
10.3489
10.306
10.4242
9.61115
10.495
10.1428
9.96799
9.02958
10.3743
10.5017
10.8448
9.77879
9.52799
10.9103
10.2045
10.8701
9.66246
9.73383
10.3416
10.6038
10.1711
10.1912
9.58438
9.61265
9.86297
11.1001
9.87686
9.62789
10.2498
9.58336
10.4578
10.4629
9.89737
9.81652
10.0847
10.1013
10.8027
10.2889
10.9348
10.0737
9.47134
10.2979
10.4566
10.5864
10.1529
10.1279
9.51557
10.2139
9.98351
9.62061
9.38595
10.1007
10.0836
10.0091
10.1908
9.91024
10.2146
10.2191
8.39963
9.49392
10.0069
9.13055
10.2019
10.0258
10.0893
9.73716
9.26866
9.23371
10.0301
9.72565
9.38046
9.99889
9.71866
9.67734
9.76338
11.201
8.92572
10.2331
10.2378
10.91
10.2598
9.73786
10.0673
10.3018
9.87476
9.69877
9.81711
10.1388
10.4762
8.75656
9.3447
9.38616
10.8814
9.51096
10.1224
9.55061
9.78801
10.0677
10.4584
9.73591
9.93137
9.70919
9.20414
10.6363
10.8092
10.648
10.6276
10.3266
10.5391
10.488
10.0046
10.9813
9.66361
10.5128
9.89085
9.75631
10.6433
10.8085
9.82842
9.28112
9.74362
10.42
9.6002
9.83666
9.73163
9.67985
9.79759
10.3861
9.82843
10.526
9.39587
9.09293
9.54854
9.60704
9.56615
10.127
10.331
10.4708
9.88142
9.91294
10.0906
9.72951
8.71212
9.59177
10.3469
9.69565
10.5118
10.7977
11.0062
10.2151
10.3856
9.7005
9.7456
10.1051
10.0932
10.3377
9.96724
10.4278
9.31063
10.1194
9.97711
9.65749
9.76234
9.92449
9.37693
10.9869
9.77565
9.97836
10.0085
9.73312
9.65874
8.82296
10.2209
10.2714
10.0016
9.62365
9.7295
10.7837
10.4744
9.17029
10.3193
9.70412
10.1233
10.4969
10.1736
9.48525
10.4324
9.90844
9.61187
9.9712
9.93675
10.3854
10.2015
10.4299
10.2977
10.0925
10.1416
10.6885
10.8773
9.65191
9.65486
9.52762
9.69683
10.243
9.45961
10.962
9.85039
10.3518
9.66434
10.2453
9.38033
9.81668
9.49558
9.49697
10.0391
9.96863
10.282
9.60504
9.89852
9.34239
9.70234
9.87502
10.3162
10.7035
9.39564
10.7077
9.27029
10.4623
10.1484
9.79095
9.82382
10.8445
8.76872
10.346
8.98334
9.17819
9.63427
10.7241
10.4134
8.72517
9.66112
9.91627
10.2346
10.0525
9.78784
10.2439
10.0614
10.2131
9.62315
10.3105
9.60983
10.3186
9.95317
9.76765
10.0168
10.3557
10.4332
9.82564
9.46324
10.1003
9.53331
9.54274
10.1646
9.88513
9.61319
9.97808
10.516
9.75156
9.564
10.6324
10.3002
9.98675
10.6148
10.279
9.92264
10.2521
10.4964
9.82051
9.86399
9.54817
10.2781
9.57516
10.2618
9.55087
9.89398
9.57312
11.0973
11.3771
9.07966
10.1417
9.90241
9.9388
9.44497
9.88542
10.8541
11.0137
9.78985
10.8967
9.53438
10.9904
9.52701
9.5124
10.1309
9.75088
9.85422
9.99201
9.68092
10.2571
9.77812
10.8006
10.5603
9.4966
10.4049
9.68659
10.6293
8.91118
9.96287
9.67528
10.4443
9.12672
9.37191
10.6071
10.1037
9.66478
9.55172
10.0967
10.6992
9.88999
10.0685
10.5613
9.01683
9.82117
10.4101
10.6575
10.2922
10.0139
10.0894
10.3276
9.35006
10.376
10.2196
10.6728
10.157
10.1408
10.8135
9.56993
9.61
9.10414
10.2238
9.80827
8.77653
10.3412
10.0987
10.5872
10.2335
10.1872
11.1201
9.99862
9.86536
10.3143
9.77061
9.09668
10.0529
9.73399
9.79102
10.027
9.7724
10.3894
10.4764
10.6916
10.7879
9.9998
10.4135
9.68062
9.84141
9.22817
10.192
10.394
9.53549
10.2495
9.89739
10.2481
9.6957
9.4693
9.48116
10.2264
9.51562
9.99391
9.74271
9.93613
9.81258
10.5608
10.0514
9.01435
10.4277
10.2081
10.5287
9.25777
9.82309
9.70376
10.1966
10.7869
10.371
9.88886
10.958
10.638
9.60772
10.9804
10.6585
10.1132
9.36719
9.85952
9.57664
8.90788
10.4035
9.80071
9.94253
10.8751
9.18245
9.37284
10.3699
10.8264
10.8495
10.3291
9.60992
9.55478
10.0228
10.9251
9.84058
9.2011
9.51856
9.6845
11.3513
10.2437
9.95762
10.1114
9.99486
10.2537
9.25536
9.32339
10.4522
9.45492
10.0035
9.95336
10.733
10.3856
10.3734
10.0804
11.2272
9.83563
9.88756
9.76448
9.64748
9.2411
10.6602
10.4641
11.0916
9.85043
10.2485
10.1109
10.4293
10.8249
10.0005
9.52715
10.7108
10.4036
9.5779
9.05953
10.3755
9.79832
9.82096
9.66318
9.4961
10.4102
9.79449
10.3157
10.3571
10.4397
10.6382
9.98601
10.3502
10.5901
10.3986
9.94102
9.51974
9.7798
10.6372
10.7021
10.2014
10.2101
10.3046
10.4419
10.3029
9.29539
10.1452
10.0877
10.6117
9.78254
10.3446
9.69351
9.2495
9.99809
9.70092
9.80592
10.0534
10.3857
10.0155
9.87822
11.1068
9.2338
9.61837
10.4407
10.8263
9.91975
10.1671
10.5086
10.9066
9.98911
9.63972
9.81545
9.71306
9.86819
10.0226
10.0685
10.4252
10.2687
10.5966
9.96989
9.59112
9.15271
9.68822
8.05684
9.79589
9.70067
9.76806
10.2787
9.67198
9.85895
9.88546
10.0806
10.4606
9.49411
9.39691
9.63462
10.2647
10.1034
10.1581
10.2518
9.95843
9.91694
9.43366
9.83253
9.72833
10.2748
9.67893
10.5432
9.35837
10.2231
9.17004
9.91814
10.0432
9.75601
8.37761
10.7468
9.5338
8.97974
9.47758
9.66142
9.50771
9.41965
10.8659
10.1249
10.2646
9.4863
9.25618
10.3322
10.7412
10.0141
10.1905
10.4562
10.309
9.9219
10.1206
9.76651
9.66964
9.49706
9.21521
9.78908
9.50099
10.2076
10.8078
10.042
10.2455
9.92849
9.41674
9.51979
10.8955
10.2213
9.99256
9.66847
10.4784
10.4495
10.3524
10.347
10.1705
9.19168
9.73866
9.12796
10.4236
9.77852
10.2126
9.37937
9.74584
10.33
9.96756
10.0247
9.93973
9.49757
10.4097
10.645
10.423
10.6392
11.2855
10.1601
9.57418
9.54566
10.1912
10.1596
9.95621
10.2335
9.47228
10.8518
9.70555
9.96872
9.81377
10.296
10.6579
10.2012
10.1958
9.38244
9.5442
10.2739
9.4849
10.6042
9.36493
9.04425
9.91066
10.0514
9.58949
9.82096
11.0812
10.0519
10.0186
10.2546
9.51718
10.397
10.4479
9.40876
10.0588
9.82168
10.049
9.79135
10.3247
9.7831
9.5908
10.07
9.9452
9.03362
9.26584
9.92143
9.91875
9.40273
9.75072
9.49626
9.86203
10.176
9.92086
10.5579
9.80554
10.007
9.40916
10.0487
9.20864
11.0602
9.89374
10.5528
10.0234
10.8376
9.77528
9.72417
10.4962
8.99243
9.24605
9.28857
9.98712
10.0682
9.99494
9.77937
10.9423
10.6385
11.0687
9.78662
9.49938
9.72438
9.64794
9.3453
10.3894
9.89562
10.301
9.5007
9.66267
11.0749
9.84821
10.513
10.4223
9.94102
10.3238
10.0979
10.3044
10.4113
10.0813
10.6026
9.65336
9.45659
10.0975
10.1475
10.8642
9.69856
9.92124
9.03637
10.3705
8.94572
9.32222
10.2468
10.3169
10.3933
9.89228
10.4405
10.0395
10.6815
9.99529
9.79279
9.93727
9.57301
9.86703
10.6445
10.0289
9.66525
9.95579
10.0953
10.7095
9.61648
9.23457
10.3926
10.2033
10.1234
9.51149
10.4582
8.53401
10.0823
10.7172
9.79643
10.3946
9.89837
9.89407
9.71317
10.675
9.67202
10.0146
9.86464
9.46249
10.6671
10.3299
10.2894
10.3617
8.94878
9.3347
10.5699
9.8144
9.49206
10.6249
10.2775
9.761
9.78376
9.73654
9.92053
9.83354
10.0166
9.9826
10.6246
10.0408
10.3823
10.0211
9.61884
10.8169
10.1298
10.8561
9.89211
10.4922
10.2493
9.24327
10.5365
10.6858
9.43243
10.0939
9.61145
9.59904
10.9345
9.8651
9.34932
9.92704
9.57145
10.2044
10.3267
10.5169
10.3185
9.89668
9.53322
9.59273
9.7906
10.3254
10.2837
9.60018
9.82914
10.0826
9.99528
10.3125
9.79535
9.30353
9.57512
9.69483
9.94479
10.2315
9.39269
10.74
10.333
9.85542
9.5425
10.7396
9.99633
9.71897
9.91818
10.7298
9.42008
10.3441
9.62489
9.91685
9.67581
9.89267
9.62013
9.47979
9.61872
9.96396
9.40836
9.82105
9.51798
9.64032
10.114
10.207
10.6708
10.2602
10.0704
10.737
9.93696
9.86062
10.0244
10.3477
9.37946
10.7261
10.0532
9.68184
9.85886
9.33513
9.98888
10.0674
9.81444
10.2764
9.83746
8.82357
11.2005
9.98669
10.7271
9.683
9.9994
9.40557
10.0633
10.2757
9.78246
10.3117
9.90965
9.61929
9.98901
11.0703
8.91553
9.4876
9.85656
9.41523
9.47068
9.52707
9.8238
9.61079
10.646
9.12214
9.52963
10.5645
10.4534
8.74671
10.041
9.58202
10.8644
10.1198
9.9333
10.2376
11.1398
9.7204
10.2765
10.1357
10.2543
9.79639
9.47054
10.1744
10.0771
9.60145
10.1723
8.94609
10.414
9.9136
9.39549
11.4456
9.91685
10.2051
10.2626
10.8728
9.13226
9.65232
9.6342
10.6564
9.85184
10.148
10.4703
10.2895
10.6804
9.82707
9.4653
9.78296
10.9192
9.86651
10.6751
9.53526
10.5632
8.82534
10.3536
10.6563
9.88116
9.72197
9.7884
10.4783
10.3819
9.3027
9.41418
10.5009
9.80423
9.833
9.38393
10.4036
10.0796
9.78066
10.6572
9.86996
9.97675
10.24
10.2418
10.0696
10.2287
9.8088
9.78243
10.624
10.1594
10.1717
9.87115
9.90107
9.8155
9.84684
10.2547
10.559
10.2099
10.0546
9.17281
10.1048
9.94249
9.71075
9.6972
9.39491
9.47886
10.6479
10.7205
10.0437
9.92184
10.3249
9.97644
9.84764
10.5226
9.78967
9.36189
8.8947
9.88482
10.1985
9.29074
9.61138
10.0184
10.0737
10.3965
10.689
9.67143
9.80129
10.4434
9.7235
10.2436
9.68628
10.339
9.04231
9.73962
9.57562
10.0812
10.1381
9.99227
9.52211
9.76992
9.80298
9.49634
10.5984
9.1696
10.3132
9.99396
10.8235
9.6916
9.85398
10.2072
9.86641
10.3417
10.8489
9.90419
10.2803
9.85063
9.85174
10.898
10.2488
10.1911
9.63997
9.44135
9.95803
10.2256
10.4465
10.2668
10.1334
9.44492
9.63249
10.4248
9.40568
10.1314
9.16293
10.2206
9.20031
10.6071
10.6841
9.8872
9.95556
10.0045
9.9808
9.57166
9.65238
10.1699
10.0328
9.90952
9.6196
10.5775
9.76393
10.8823
10.3692
10.0912
10.5446
9.63268
10.4873
10.2359
10.2306
9.92247
11.8649
10.5106
9.25006
10.2596
10.5419
9.56103
9.38424
9.6812
9.47382
10.6558
9.79201
9.88562
10.3589
10.613
11.3717
10.3371
9.3747
9.58114
10.3016
9.06948
9.31754
10.2944
10.3468
9.76906
10.6489
9.97547
10.0838
9.16034
10.0281
9.23671
10.0455
10.657
9.52184
9.781
9.9394
10.9678
10.4436
10.3782
10.4129
9.97692
9.81919
10.6613
9.34218
10.3299
10.0865
10.3297
10.0162
10.6729
8.67654
10.3132
9.41693
10.4655
9.98286
10.3168
10.348
9.39396
9.92328
9.74889
9.78798
9.57841
9.48134
9.96705
9.68861
9.93762
9.74537
10.033
10.2309
9.21887
9.16967
10.4981
10.5718
9.9298
10.877
10.2592
10.1569
10.2796
9.7873
9.19393
9.81817
9.87923
10.7494
9.99104
9.92361
9.36232
9.27934
9.36115
9.51122
9.42599
10.441
9.88878
10.5529
9.09745
9.7738
10.1023
8.68644
9.16091
10.2749
9.58468
10.0221
9.43405
10.2908
9.90116
10.6309
10.0035
9.48337
10.5589
10.2912
10.5574
10.819
10.4327
10.6732
9.85264
10.1362
9.6757
10.1463
10.1877
9.5068
9.85338
9.97616
9.86767
9.92255
9.71323
9.77231
11.1817
9.66626
10.3514
10.5067
9.6477
9.52414
9.7301
10.224
9.69116
9.66063
10.4582
10.0101
9.35705
10.0328
10.4689
10.2475
9.48426
10.6729
9.16098
9.55302
10.2405
9.82137
10.0208
9.98637
10.3929
10.6641
10.0102
10.3023
9.76825
9.18872
10.1722
9.98788
9.29488
9.68006
9.63813
9.86848
10.5918
10.2046
10.3555
9.82362
10.1494
10.197
10.1835
9.56541
9.7045
10.1727
10.2073
10.2914
9.42388
10.4958
10.3145
10.9395
10.1225
10.0162
9.45939
10.401
10.3365
10.2123
10.1441
9.98025
10.397
9.73087
9.6197
9.13351
9.97529
9.90439
9.82765
10.6452
9.62042
9.5337
10.5913
9.81612
10.3314
10.2682
9.90424
10.471
10.1336
9.47284
9.56313
9.68623
9.9805
11.3547
10.1887
10.3242
10.2257
10.6077
10.2452
9.36418
10.5961
9.46757
10.1422
10.3982
10.8133
10.8652
9.402
9.85609
10.559
9.97505
9.5147
10.6221
9.5633
9.22469
9.90684
9.87915
10.9196
11.2985
9.06281
9.96659
10.1957
9.16095
9.46907
10.1626
9.91474
10.4854
10.7117
9.67454
10.1072
9.73408
9.86052
10.1208
10.2979
10.3077
9.30169
9.84199
10.3971
10.8072
10.2115
10.1483
9.67824
9.18771
9.17593
9.79327
9.87089
10.1244
11.0764
9.71575
9.57542
10.1788
10.0828
10.1153
9.92957
10.4088
10.0668
10.46
10.0908
10.7491
9.91411
9.65991
10.6199
10.8762
10.0376
10.1003
10.0703
9.8897
10.0905
8.88909
10.416
9.32305
10.6534
10.4526
9.40664
10.539
10.9415
10.094
9.15991
10.2553
9.72959
10.4465
9.99933
10.0123
10.2002
10.4901
10.3453
9.68375
10.0121
9.88437
11.1246
9.12691
10.0089
10.0922
9.82246
10.1648
8.61073
10.5026
11.2958
8.80848
9.85542
10.5913
10.5417
9.53121
10.3806
9.37294
10.0389
9.29333
10.9322
9.27255
10.0617
10.1997
9.31566
10.0458
10.3727
9.58233
10.3563
10.5483
9.54733
10.0229
8.91085
9.82637
9.27163
9.83755
9.83914
10.2495
10.1203
9.3679
9.581
10.7572
11.5335
9.54269
9.69449
9.62358
10.139
10.2585
10.2876
9.96374
10.1099
9.23193
9.90915
10.2353
9.90477
9.79567
9.8107
10.0429
10.2157
10.3026
9.3306
9.23342
10.1089
10.2073
9.71219
9.23924
10.5158
9.82066
9.43673
9.71713
10.4775
9.13799
10.8091
10.1998
10.2834
10.6206
9.49812
10.9357
9.52942
10.8019
9.35943
10.2758
9.68239
9.70239
10.1987
9.65413
9.07699
9.89429
10.4131
10.8102
9.21514
9.83409
9.96518
10.0837
9.61571
9.15307
9.5279
10.6045
9.85771
10.0122
10.0403
9.46523
10.6615
10.3532
10.5397
10.5184
9.95597
9.19273
9.88009
9.86346
10.1242
9.44647
9.70029
10.9539
10.0913
10.2822
10.2427
9.94733
9.31763
11.0191
9.98915
9.55769
10.6676
9.44268
9.57016
9.8803
10.3466
9.63641
9.99315
10.9309
10.2243
9.68008
9.08179
10.3238
10.4996
10.0274
10.0584
10.8692
10.3854
10.4103
10.7163
9.40621
10.1631
9.70304
9.68654
9.2646
10.3824
9.89621
9.07473
9.72988
9.60508
10.114
9.992
10.0224
10.397
8.76427
9.49011
10.3628
9.44348
10.2512
9.65875
10.3278
9.23519
10.2177
9.49399
9.78782
10.2515
11.1055
9.96733
11.205
9.79674
10.0276
10.224
10.1472
10.3134
9.87027
10.7574
9.38849
10.0552
9.98015
10.2934
9.4232
9.93626
10.0038
9.71822
9.93264
9.71311
9.73378
9.65518
10.0937
9.28364
10.3743
9.86386
10.2451
10.5619
10.1301
9.31875
9.45534
10.9593
10.3247
9.75404
9.60518
9.71573
9.26303
9.84881
9.69915
9.64068
10.316
9.79866
9.38779
10.5268
9.64081
10.3805
10.362
10.3102
10.1766
10.2913
9.77403
9.41024
10.1892
10.3203
10.0002
10.8038
10.3972
9.90404
10.8569
9.6767
9.99256
10.3846
10.6291
9.85877
10.053
9.46506
9.8877
10.4843
10.5939
10.5384
9.9573
10.7493
10.5272
9.45505
9.27949
10.7308
10.3944
10.2832
9.79395
10.8766
10.5959
9.55529
10.8914
10.2934
9.67513
9.56941
11.6407
9.00007
9.7511
9.27296
9.41161
10.2001
10.0548
10.0334
10.1604
10.3385
9.5851
9.4916
9.86983
10.7447
10.4474
10.4391
9.56354
10.4153
10.0129
10.1873
9.85135
10.1732
9.28706
11.0205
9.77004
11.3671
9.42903
10.7605
9.12759
9.96632
10.1819
9.45222
10.2868
10.1106
10.6979
10.1795
10.0747
9.97037
10.1715
10.2875
10.0256
9.26694
10.5711
10.4564
9.66141
10.7965
10.835
9.3094
9.7477
9.22179
9.5962
10.4869
10.7434
10.4346
10.3813
10.3469
9.77253
10.5183
9.16472
9.71603
8.87243
9.45436
9.63645
9.40888
10.1119
9.09108
9.61213
9.7871
11.0641
9.08168
9.24273
10.6343
10.5942
10.3957
9.52257
10.7658
10.9423
9.75954
9.03879
10.397
10.7058
10.2298
10.6979
10.4529
10.0218
9.58795
10.114
10.7985
9.59095
10.4119
10.0225
9.67167
9.5205
11.3323
9.26386
9.92865
10.3037
9.60741
9.77949
9.73595
10.2715
9.45462
10.5233
9.66785
10.2763
10.037
9.67622
9.94429
11.208
9.49911
9.79535
9.4259
9.8859
9.89577
10.0284
10.4089
10.0562
9.50303
9.94852
9.4958
9.8147
10.0591
9.51718
10.8882
9.7677
9.88878
10.389
9.689
10.4781
10.7581
9.7648
9.82408
10.25
10.0364
10.7897
10.2034
9.87044
9.22427
10.7823
10.0197
9.73558
8.86024
10.4869
10.1442
9.98834
9.99121
10.2125
9.97382
9.70681
9.33905
10.8246
9.26376
10.9947
9.21731
10.1092
10.0233
8.95413
9.52846
10.2136
9.95119
9.96911
9.6728
10.1306
10.0405
9.46142
10.4852
10.2087
10.6683
9.46211
9.62726
9.89955
9.18649
9.89539
9.9564
9.31255
9.43597
9.45866
10.4623
10.2465
10.1636
9.44001
9.45083
10.4774
9.37917
9.8067
9.95085
9.56586
10.3721
9.60117
10.4135
9.58473
9.12174
9.62165
10.0123
8.12668
10.4689
9.69796
10.4799
9.59844
9.85248
9.86119
9.95493
10.9065
9.74486
9.94074
9.05887
8.74752
9.01353
9.93981
9.2756
9.50533
9.91715
10.1418
9.59982
10.2038
9.90677
9.78873
11.9116
9.63892
9.81144
10.761
10.1693
9.39664
10.141
10.4078
9.65589
9.95681
9.79948
10.1602
10.3466
9.82031
10.1645
10.596
10.7377
9.44394
10.5881
10.6032
9.41106
9.60802
9.72479
10.2426
10.2292
9.6942
11.0931
9.69081
9.92156
10.4427
9.32551
10.5572
9.79898
8.81491
8.76199
10.2571
10.755
9.93705
9.91607
9.74653
10.4103
10.2332
9.75432
9.93223
9.97957
10.0126
9.62784
9.58169
10.1211
9.71486
9.26348
10.3963
9.84604
9.82462
10.7888
10.2573
10.5688
9.96139
10.9824
10.1311
9.27867
10.069
10.4975
10.1732
9.62154
10.2847
10.0493
10.5542
9.97639
8.91194
10.1015
9.24986
10.679
9.40415
8.68456
9.45101
9.31523
10.3211
9.59884
10.4011
8.80515
10.3972
9.95563
9.5965
9.22441
9.9897
10.1285
9.24494
10.6471
10.4274
10.2966
9.47055
9.76339
9.81823
11.1371
10.1015
10.8984
9.55166
10.475
9.74167
10.5586
10.2541
9.85753
8.91579
10.5135
9.58344
9.84359
9.20138
9.88148
9.92682
9.71823
10.0663
9.95288
10.2471
10.1192
9.54079
9.95677
10.1979
11.0685
9.97698
9.80403
9.42773
10.5625
10.2913
9.3461
10.0975
10.2748
8.95325
10.2988
10.7026
10.9201
10.5829
9.8545
10.5246
9.67997
9.15575
9.9206
10.2563
10.3676
11.3396
10.7893
9.5806
9.90422
10.0581
9.91237
9.78078
10.1621
10.2725
10.4216
10.3439
10.5769
9.8751
9.87502
10.4411
10.4233
10.4261
9.34679
10.0261
10.5069
9.45064
10.1831
10.8022
9.51919
10.0223
9.09453
9.56392
9.92397
9.68683
9.25964
10.1716
10.0446
10.5133
9.91853
9.70967
9.49425
9.78442
9.80654
9.89695
8.94781
10.6435
9.95558
10.6644
9.84581
9.27073
10.3299
10.5163
9.5054
10.0492
9.97303
9.04226
11.1193
9.69761
10.1197
10.345
9.46843
9.95444
10.4473
9.87394
8.34884
9.78121
10.7455
9.7253
10.0205
9.91152
9.47811
10.5564
10.9103
10.007
10.877
9.9257
9.91
10.0652
9.71855
10.0637
10.0674
11.2435
9.49458
10.3923
10.7788
10.4265
10.5371
10.0666
9.72807
10.459
10.0372
9.61396
10.234
10.6164
9.9271
10.6661
10.3668
10.1218
10.1605
10.4173
9.73558
9.86784
9.1535
10.8956
9.98282
10.0969
10.8252
9.70452
10.0398
10.4364
10.5496
9.83313
10.7319
9.56771
9.67318
10.5466
10.3158
9.8203
10.4865
9.67788
9.89695
10.6124
10.24
10.3822
9.92053
9.75128
9.8817
9.73179
10.7529
9.74922
11.2889
9.84105
9.80431
9.21632
10.5561
10.1362
10.193
11.0555
9.7834
10.2325
9.68817
10.0604
9.55772
10.128
9.44682
10.6494
9.74599
9.18005
10.1081
10.3951
9.85973
10.1164
9.47162
10.0165
9.20928
10.1396
9.3377
9.84397
10.6287
9.46784
10.1255
10.4588
9.74456
10.3513
9.95602
10.0687
9.88605
10.1039
9.94196
8.95046
10.0789
10.0797
10.1111
9.80982
10.0808
8.94139
9.31224
9.9947
10.2186
9.63066
9.90049
9.79152
9.21781
10.1844
9.2334
10.1362
10.5727
9.91979
9.6153
9.96599
9.68021
10.5513
10.1401
11.2233
10.1047
10.1539
9.81078
10.4772
9.94537
10.1118
9.58477
10.2757
9.75871
10.9924
8.85273
10.0051
10.1634
9.87613
10.283
9.66642
10.5169
10.9388
10.6256
9.17838
9.22822
9.94469
9.564
9.61551
9.80102
9.82947
9.90671
9.66755
10.4113
9.80799
10.4622
10.5473
10.2531
9.54622
10.804
11.1371
10.2894
9.76621
9.41414
9.37603
10.2942
10.0584
9.90102
9.56468
10.0929
9.54277
10.0185
9.59196
10.3323
10.7089
10.4193
9.91302
10.1612
9.75832
9.93823
10.3059
9.86036
10.3513
9.75622
10.2391
11.1983
10.2174
10.2926
10.1858
9.3551
9.51322
9.83953
10.4048
10.606
9.71361
9.86573
10.4881
9.59231
9.74478
10.6123
10.4251
10.4741
10.2009
10.2867
10.0106
9.58283
10.734
10.3021
9.90997
10.3468
9.56315
9.97526
9.45664
10.0983
10.1964
10.2154
9.9414
9.95353
9.3075
10.0645
10.0206
9.25045
10.0715
9.51753
10.0386
10.1674
9.94732
10.0787
10.52
9.74387
9.94863
10.4802
9.21851
9.41459
9.57108
9.33854
10.5959
10.2219
10.5423
9.46599
10.5124
10.2347
9.243
10.6991
11.019
10.3154
10.0287
9.0888
10.5414
9.52063
10.7979
10.2851
10.3976
9.24787
10.1985
10.2208
10.4029
10.2116
9.243
10.072
8.88879
10.7143
9.89654
9.29248
9.453
9.5608
10.1561
10.3404
9.77172
9.17555
10.5682
10.113
9.8361
9.89075
9.88289
9.63102
9.9234
10.432
9.79196
10.5014
10.3348
10.0482
9.90712
11.6792
10.2369
10.2518
10.2181
10.3545
10.3177
9.44213
9.80181
9.7824
9.28627
9.96871
10.6619
9.292
10.4398
9.97024
9.78352
9.95551
10.856
9.80714
10.3433
9.90446
10.5548
10.9701
9.83175
10.0129
8.97418
9.81697
9.37128
10.4419
9.79485
10.0407
9.25586
10.5993
9.84734
8.98793
9.00338
9.36509
10.236
10.4773
10.3144
9.68945
9.90683
9.88978
10.1377
9.93364
10.0839
9.8237
10.332
9.19512
9.66198
10.4744
9.80951
9.42832
9.41843
10.2742
10.6221
9.18045
10.0544
10.2599
9.83605
10.9182
10.6157
10.0284
9.98653
11.5101
10.0124
10.1781
9.38155
9.56205
10.6107
9.92624
9.62097
10.5035
10.8711
10.9285
10.7435
9.61281
10.2834
9.1205
10.5216
10.1978
10.6034
10.0951
10.275
9.70111
9.33295
9.8719
9.69976
10.246
11.1164
9.77289
9.78912
10.3142
11.3652
9.89253
10.1687
9.14031
9.81756
9.64203
9.75338
10.825
11.1426
9.93944
10.0833
9.84831
9.32244
10.7669
8.69243
10.7929
8.98356
10.6398
10.3359
10.3378
10.2027
9.2233
10.2464
9.63637
9.85899
10.4664
9.99103
10.3931
9.47618
9.3541
10.2431
9.70278
9.28634
9.82055
9.72381
9.60486
10.3025
10.135
10.3547
10.1718
9.88102
10.6036
10.5069
10.5501
10.0631
9.26188
9.93976
10.1688
9.67755
9.28621
10.3633
10.5589
11.5749
10.1306
11.282
10.5875
10.8601
9.96766
8.89788
10.2459
10.6095
10.4932
10.36
9.55442
10.7127
10.4176
9.20276
9.93348
10.755
10.4307
9.82644
9.06188
9.63299
8.81417
9.99679
11.0374
10.2101
10.5229
9.64968
10.1872
9.62302
9.4729
10.2508
9.56359
9.13288
10.4318
10.2876
9.65809
10.5714
9.60936
10.6361
10.0714
9.7994
11.1816
9.67113
9.55111
10.0469
10.0855
9.23841
10.3296
10.077
10.3238
9.56429
9.59665
10.0901
10.1853
9.24304
10.1572
10.4051
9.9112
9.27305
9.57276
10.8963
9.91378
10.1087
9.90686
10.3636
9.59551
10.0555
9.53133
10.6405
10.1265
9.29675
10.2693
10.7109
9.84169
8.99855
10.8262
10.4356
10.8485
10.7021
9.26566
10.6711
10.0873
9.67857
10.2119
10.8286
9.93815
9.84623
9.30404
9.68086
9.7819
10.0451
10.0592
10.3249
10.9214
9.35026
10.6198
10.3193
10.3129
10.2938
9.51849
9.97667
9.77486
9.6591
9.67875
10.357
10.5154
10.2642
9.61713
10.0448
9.45212
10.503
10.6427
9.78401
9.66626
10.3567
10.1197
10.0556
9.02637
9.32928
9.7571
10.366
9.72676
10.1328
10.6117
10.1466
8.98125
10.2635
9.51798
9.85709
9.05604
9.9392
9.86853
10.2278
9.83435
10.9075
9.9553
10.0888
10.529
9.61799
9.78059
9.89268
9.74816
10.4816
10.0606
9.78301
9.68267
9.45024
10.0882
9.75691
9.82844
10.4128
10.1574
9.16439
9.49009
9.72264
9.56461
10.5657
10.2467
10.7766
9.68633
9.89145
10.0601
10.4804
9.80565
9.0459
10.9405
10.4196
9.73231
9.75965
10.1795
10.656
10.3401
10.4337
9.62652
10.5505
9.39616
9.38985
9.84091
11.0841
9.39118
10.0691
10.6287
9.92044
10.6746
10.5287
10.6512
10.5431
9.29577
9.99404
10.0652
10.2147
9.4483
10.3432
10.3031
9.93045
10.2283
9.79391
10.0075
10.7291
10.764
10.3469
9.27286
10.0408
10.3874
10.8237
10.7715
9.72116
10.3408
9.61321
9.55634
10.9281
9.6246
10.6918
10.417
9.41905
10.7341
10.2527
9.47865
9.81352
9.85928
10.7254
9.39502
9.49511
10.3688
9.59496
9.79698
9.71681
9.40796
10.1981
10.0518
10.6048
10.2825
9.52019
10.4958
10.7167
10.5033
10.2658
9.68134
9.93303
9.7125
9.59144
10.305
10.263
9.95958
11.0723
9.85486
10.7477
10.0338
8.76176
10.305
10.0015
9.51969
9.91276
9.87666
10.7377
10.678
9.90469
10.0121
10.6275
10.6928
9.25499
9.38413
10.5996
10.2576
9.87169
11.2821
9.3206
9.52409
9.83131
9.17701
9.19039
9.50942
10.5357
9.65686
8.89204
10.3991
9.84688
10.712
9.45396
10.1729
10.6006
10.4227
9.71701
9.58703
10.2824
9.53134
9.95507
10.1694
10.0094
9.60104
10.6418
10.7189
9.7665
10.5089
10.136
10.6734
10.276
10.1351
10.7166
10.1969
10.3095
10.1389
9.92018
9.70409
9.97267
9.6535
9.76821
10.4759
10.0698
10.201
9.99056
9.41747
9.61995
9.42629
9.6372
9.6693
9.86401
10.1413
10.4542
9.72894
9.80272
10.6446
10.4585
9.59827
9.43558
9.64459
9.13475
9.03765
10.9019
10.1808
9.48657
10.3805
9.42773
9.70797
10.1321
9.51338
10.7005
10.5432
10.0198
9.2823
9.90491
9.73351
10.5147
9.42515
10.7404
10.4867
9.53356
9.07797
10.3315
10.2068
10.6129
10.0505
10.1683
9.21566
10.3217
9.86758
9.96475
9.7184
9.27273
10.227
10.3839
9.41619
10.4984
10.1594
10.6754
8.46115
10.2048
10.3968
9.2265
10.1328
10.2723
11.3696
10.1751
10.9457
8.87865
9.9345
9.01014
9.96158
9.92329
10.442
9.52718
9.19561
10.6413
10.3586
10.2943
10.1971
10.2322
9.69751
9.48619
9.85024
9.36135
10.5482
10.1968
10.1215
9.91431
9.92206
10.27
10.5656
10.4663
10.0361
11.0667
10.8665
9.773
10.8881
9.64038
9.75862
9.27883
10.5162
9.35655
10.233
9.87429
10.379
10.7195
10.8284
10.0243
9.96593
10.3331
10.1478
10.9245
10.0343
9.27822
10.2457
9.27432
10.1235
10.7895
9.72697
10.4649
10.2916
9.39474
10.0721
10.3838
9.82562
8.994
10.0495
9.35276
9.49743
10.5239
9.98818
10.1181
9.8996
9.22504
9.48561
9.39813
10.4583
10.3564
9.98893
10.1289
10.8564
10.394
10.7518
9.39638
10.2706
10.7656
9.96534
10.1799
9.13476
9.90065
9.82199
10.3204
10.3145
10.4462
10.4959
8.62588
10.296
10.8087
9.9183
10.2773
10.6263
9.35873
8.9987
9.90304
9.48738
8.9648
10.5851
10.9574
9.79771
9.72826
9.47327
9.40315
10.8316
10.0271
9.80974
10.0245
9.96757
10.1448
9.68618
10.0989
9.9809
10.3376
9.38089
9.86145
10.8192
10.1699
9.92658
10.5779
10.0737
10.202
9.6775
10.661
9.84828
10.1894
10.4376
9.62233
9.48665
10.3062
10.5652
8.64922
9.82527
10.7391
9.63425
10.3333
10.0218
9.75096
10.1533
9.91946
11.0365
9.3422
10.1995
9.9348
8.81472
10.3434
10.3636
9.58162
9.42628
10.4101
9.40963
10.1541
9.30907
9.26231
9.46554
9.98044
10.11
10.0267
9.24535
9.56396
10.2212
9.73441
10.2791
10.247
9.36337
10.6878
9.69052
9.89289
9.53778
10.1922
10.2652
10.0361
10.0222
9.89387
9.86737
9.41743
10.6262
10.3503
9.77515
9.38455
9.88363
9.27422
10.3026
9.8973
10.5588
10.535
10.3196
9.11408
9.71241
9.07965
9.77002
10.327
9.60874
9.4777
10.0021
9.85495
9.87806
9.29836
9.75399
9.4718
10.7989
9.79977
9.36247
10.9906
10.1152
9.76439
8.38621
9.61995
10.7522
10.1408
10.3519
9.85349
10.2865
10.2958
10.4615
10.207
9.6543
10.3486
9.47827
9.67495
9.90205
9.86269
10.4133
10.5041
11.1395
9.30248
9.5616
9.80566
9.81153
9.95912
10.4981
9.22429
9.97773
10.2812
9.55997
9.75992
10.1054
9.60473
10.2916
10.4619
9.55246
10.3151
9.69693
10.1889
9.8233
9.9442
10.403
10.5589
10.6229
9.68259
9.87562
10.0319
9.73641
10.0778
10.0812
9.28101
9.63285
10.546
10.332
11.1872
9.69051
9.98508
10.0818
10.1153
10.784
10.9596
10.093
9.79012
9.71434
10.4269
8.79847
9.99143
9.68965
9.69532
10.903
9.94303
10.0566
9.74039
8.97723
9.35909
9.92449
10.6084
10.0089
9.25784
10.9962
9.28108
10.4691
10.0278
10.0886
9.9374
10.1061
10.5496
10.2825
10.1507
10.3615
10.8972
10.023
10.2339
9.82737
10.0057
9.2923
9.68307
10.1996
9.35938
9.54201
9.64003
10.1025
10.0286
9.64305
10.4525
9.97418
10.6363
9.50522
9.3244
10.2462
10.0703
9.5811
10.5247
9.03629
9.2209
10.1735
9.43976
10.5748
9.97736
10.122
9.16402
9.50595
10.7976
10.0086
9.5352
10.3715
10.9987
9.08834
10.0626
8.88242
10.5508
9.47647
10.4749
10.552
10.9835
9.63086
10.503
9.44321
9.74846
9.99818
10.402
9.7709
10.1522
10.3108
10.1439
10.7056
10.0496
9.96811
10.1544
11.2012
10.118
10.2083
9.60804
10.2295
10.162
9.65368
10.3798
9.81434
10.6295
9.79828
9.83371
9.85883
9.48177
9.87621
10.1925
9.03649
9.46772
10.3905
9.06183
9.88509
9.60254
10.2639
9.51705
8.79035
10.3315
10.6918
9.75958
10.2957
10.4885
10.0252
11.4187
10.3645
10.7873
9.93793
10.5468
9.66092
10.3841
9.61825
10.0482
9.98168
9.52248
8.629
10.4299
10.0919
10.8656
10.329
10.4254
10.2961
9.70017
9.52945
10.2421
10.4674
10.2911
10.4005
9.81475
9.40647
10.2769
10.9544
11.0038
9.45033
9.61499
10.0217
10.2846
9.93824
10.451
10.1939
9.41543
9.82545
9.61767
10.0176
9.56538
10.428
10.0632
9.84472
10.2894
10.7089
8.98698
9.58432
9.41916
10.1269
9.80592
9.11911
9.13272
10.0861
10.1172
9.55049
10.9322
9.76149
9.63224
10.5662
9.14262
9.47536
8.94049
10.5675
9.22548
11.0619
10.171
10.4953
9.80602
10.7968
10.527
10.7774
9.84266
9.93206
10.4587
9.5516
9.74385
10.8008
9.59325
9.98138
10.355
10.1912
10.1026
10.1987
10.5337
11.872
8.81072
9.14419
10.3579
9.76226
9.62666
9.97078
9.69092
9.55275
9.66558
9.376
10.0372
9.06094
10.2848
9.8374
10.7639
9.99423
10.0131
9.36964
9.19093
10.8835
9.58946
10.7726
10.0367
10.6391
10.028
10.5668
9.94229
10.0684
10.0922
10.4848
8.89865
9.60528
10.4917
10.4575
10.4284
9.17173
10.4076
10.2595
9.75032
9.59269
9.9284
9.90158
9.98832
9.35291
8.59464
9.59797
10.0542
9.17505
10.2177
10.0826
9.93353
9.90921
10.3378
9.7234
10.5437
9.67673
10.2094
9.65851
11.1413
10.7172
9.95336
9.62843
9.94156
10.4546
10.3908
9.9611
10.5532
9.91723
9.56156
9.59536
9.26718
10.5322
10.4259
10.2423
10.4245
10.225
9.82391
10.0127
9.78299
9.93844
9.87977
9.64538
8.82129
8.91455
9.76923
9.44136
9.33512
9.65756
10.1033
10.1886
9.04063
10.6877
8.67502
10.4315
10.1723
9.86722
10.1872
10.5739
9.20772
10.1368
10.2647
10.6174
9.02699
10.6943
10.3144
9.30335
10.1235
9.25838
10.1352
9.59957
10.1256
10.0543
9.76037
9.33689
10.4468
9.50643
10.193
10.5109
10.4211
11.3452
9.31441
10.3579
10.361
10.0847
9.89658
9.67708
10.3011
9.48798
10.2015
10.2574
9.58774
10.0209
11.357
9.59875
9.69416
10.3458
9.90286
9.49095
9.62741
9.69879
9.68865
9.38578
10.5298
10.549
9.83645
9.74666
10.023
10.5054
9.70976
9.28659
10.1376
10.2556
10.344
10.0375
10.0341
10.9409
9.92813
9.8515
10.3753
9.74612
10.4752
9.89943
10.2692
9.8386
9.77419
10.6371
9.71695
9.84224
9.34491
10.0603
9.90008
9.95112
10.2222
9.34983
9.90152
10.4992
10.6048
9.99822
9.50441
10.9254
11.0894
10.0231
10.4058
10.5849
11.2142
9.98323
9.73712
10.1592
10.4611
10.1137
10.2323
10.0806
9.9161
10.0981
10.4744
10.2439
8.78407
10.4507
10.8806
10.6195
9.67638
10.5288
10.359
10.1068
9.79985
9.86096
9.71372
9.42945
10.5435
9.95328
10.0761
9.24549
10.6657
9.45885
9.86204
10.0546
10.5003
9.57606
9.53966
9.61115
10.5506
10.1213
12.0385
9.31206
10.0996
10.9993
10.0589
9.85743
10.1208
9.2667
9.41578
10.5809
9.09403
10.1399
10.4472
9.55824
10.0969
9.51252
9.61461
9.27761
9.68734
9.56309
10.3342
10.3811
10.0872
10.2512
9.95675
10.7721
9.69378
10.6425
9.03926
10.5954
9.86211
9.45445
10.054
9.59431
10.1443
10.1801
10.2431
10.4576
9.81224
9.7216
9.50151
9.73517
10.5514
8.74607
10.1399
10.3397
9.82339
10.6645
10.8241
10.1937
9.44447
9.78093
10.0569
10.3313
9.89722
9.77671
9.04924
9.94227
9.98998
9.53955
9.7837
9.84642
10.429
10.3391
10.1751
10.7356
10.3428
10.1532
10.7441
10.4751
9.32456
8.84458
8.82568
9.17945
10.1487
9.95205
10.619
8.8221
10.3753
10.0455
9.96487
9.46198
9.90015
9.86131
9.78628
10.8616
11.1288
8.85457
10.42
9.96987
9.95382
10.7891
10.5464
10.0699
10.2807
9.37537
9.90067
10.4254
10.2806
10.4146
10.3851
9.50026
10.7423
8.99508
10.6563
10.2054
8.8278
9.80782
9.92112
9.09903
9.28196
9.65142
10.6728
9.46052
9.95738
9.48376
9.93347
10.4239
10.3273
10.6317
10.4278
10.3385
10.4017
10.5837
9.20983
10.6495
9.45725
9.53201
9.48773
10.0394
9.95174
10.4067
9.48241
10.8409
9.804
10.6626
10.4073
10.0201
10.2799
10.7743
10.3135
10.5199
10.3037
9.99404
11.1724
10.356
9.6516
10.0643
9.90984
10.3813
10.8159
10.5076
10.4365
10.7372
9.0578
9.86617
10.4364
10.406
10.2008
9.6968
8.65207
10.1115
9.36879
10.9015
8.73954
9.37733
10.903
10.4036
9.99664
10.1172
10.4971
11.3933
9.8369
10.8434
9.46419
10.6473
9.32409
9.48176
10.1257
10.5269
10.7004
9.96816
10.2549
9.74341
10.4756
9.55582
9.78042
10.3563
10.3308
10.2472
9.64955
9.93461
10.8807
10.383
9.87259
9.20646
10.3416
10.3054
10.4095
10.2491
9.82162
10.3346
10.1736
9.45248
9.69717
10.6544
9.9527
9.61345
9.82765
10.1701
10.2846
9.93021
9.95665
10.7115
9.58524
10.5882
10.4991
10.8851
9.93112
10.37
10.2739
10.2435
9.69237
9.32033
9.44395
9.9027
9.97554
10.1332
10.514
10.3632
11.0382
9.24593
9.94828
10.1326
8.85583
9.18269
10.0842
10.4611
10.3368
10.2922
10.9961
9.88398
9.95003
10.3066
10.437
10.7966
9.56818
10.4856
9.60069
11.0462
10.776
9.92314
10.3979
8.82749
10.1327
10.8665
11.1691
10.2401
9.26628
10.5697
10.0093
9.91797
10.8027
10.1798
9.69399
10.577
10.5762
10.5386
9.89645
10.2929
9.14945
9.67476
10.8105
9.58806
9.84029
9.1777
10.4145
10.6807
9.36048
9.69059
10.3132
10.2828
10.5264
10.1234
10.2941
11.064
10.0222
9.80883
9.7177
9.93575
8.75903
9.71774
10.1498
9.31213
10.3814
10.4877
9.68173
10.5184
10.0883
9.65606
10.3876
9.50936
9.92189
10.2057
10.5899
9.86535
9.77276
10.3763
10.249
9.82357
10.615
10.4958
10.4561
10.5969
9.44676
10.7221
9.60498
10.2536
9.73533
10.6673
9.83342
9.81057
9.93893
9.85998
9.99233
10.3948
10.0461
9.71885
11.1306
10.3092
10.7726
9.63681
9.20522
9.32368
10.7328
9.07771
10.0115
9.77125
9.12753
9.36435
10.2524
10.1443
10.4002
10.2481
9.56682
9.58897
10.7351
10.5631
10.4373
9.94507
10.8467
9.55861
9.36119
9.83221
9.5349
9.86255
9.89648
9.46238
9.80671
10.4492
10.352
10.6348
9.92647
10.1129
10.3713
10.244
11.0607
9.76006
10.4085
9.88558
9.99643
9.63339
10.0064
10.5071
10.5851
10.1965
9.8702
9.43066
10.2362
8.98336
9.40011
9.2282
8.87541
10.5655
10.6918
10.7163
10.9989
10.1083
10.112
9.91912
10.3445
9.40179
9.31606
9.66162
9.62013
9.17231
9.16634
10.0306
10.3619
9.61273
10.404
10.4387
10.1718
9.8702
11.3821
10.2051
9.50662
9.85377
10.0075
9.66154
10.0553
10.1004
10.3503
10.5657
9.72666
10.3283
10.3518
10.2475
10.0754
10.5328
9.55491
10.2609
9.60016
9.14994
10.3581
10.1899
9.77816
10.4885
10.215
9.82342
9.41468
10.254
10.828
9.33911
10.1612
9.19904
10.5001
10.6157
11.0012
10.1269
9.29531
9.56906
9.36837
10.1992
9.49073
10.0594
10.226
9.90764
10.365
9.85501
9.64578
10.3096
9.28272
10.7927
10.0046
9.1444
10.769
10.2099
9.98257
9.74116
9.29333
10.0924
9.45346
9.3861
10.4596
11.3177
9.8645
8.84928
10.3522
10.3437
9.62966
10.5876
10.1074
9.86047
9.97037
10.0624
10.1527
10.7475
10.0232
9.93763
10.2893
9.38831
9.36565
9.17272
8.52052
9.74649
9.69552
9.66278
9.52406
10.0576
9.65754
9.79679
9.73324
9.70461
9.35358
8.91408
10.0341
10.8468
9.81438
9.96102
10.0746
9.64035
9.67752
8.86891
9.45499
10.2297
10.2807
9.31277
10.0646
8.91714
8.25606
9.69118
10.0653
10.7154
9.99708
9.59646
9.99324
9.30166
9.74396
9.68253
9.7245
10.249
9.85404
9.39862
10.711
10.2732
10.9867
11.2533
9.35325
10.6659
9.51567
10.5549
10.1613
10.5564
10.7696
10.0188
9.83009
10.4161
9.93595
9.51194
10.3546
9.71014
10.8004
10.3523
9.98022
10.9485
10.6534
10.0604
11.5748
10.1809
10.1473
9.96974
9.61644
10.2284
10.3974
10.5618
9.94615
10.043
9.77924
9.63242
10.0577
10.2747
9.79617
9.99519
10.587
9.9988
10.4662
9.95076
10.1448
9.96123
10.62
9.81447
10.4022
10.1389
10.0815
10.2042
9.42934
10.5493
9.50708
8.98224
10.3467
10.0528
10.6531
9.93474
10.3098
9.91535
9.87055
10.5627
10.1912
9.91143
10.6239
10.2094
9.83691
10.3335
9.56001
9.53827
9.97276
9.79425
9.82108
9.48841
9.96029
10.6153
9.72318
9.54255
9.96012
10.1042
9.8835
10.1447
9.95867
10.049
9.54611
10.2797
10.5505
10.1225
9.91003
10.4814
9.94319
10.6742
8.83052
10.2144
10.3986
10.4999
9.86684
10.1543
9.98141
9.21942
10.85
9.6006
10.2102
10.0423
10.2138
10.2776
9.42878
9.43031
9.39268
10.5233
9.4168
10.922
9.44762
10.0111
10.1636
9.31896
10.2688
9.13472
10.0017
9.80998
10.6129
9.70809
10.1744
9.86723
10.689
9.78615
9.96063
9.95472
9.50334
10.0258
9.87097
9.96696
9.83014
10.0492
10.1738
10.5417
10.8039
9.11476
10.3164
9.16995
10.1977
10.0383
9.15074
9.64189
10.2992
10.7146
10.4121
10.3983
9.0053
10.0142
9.89796
9.51414
9.80985
9.67858
9.22519
11.0194
10.3823
9.28577
9.64762
9.47623
9.04587
9.59117
10.3419
9.98238
10.2925
10.3276
9.06741
9.2217
10.6375
9.27472
9.66363
10.4235
9.74771
10.0761
9.52252
11.0484
10.4163
11.0627
9.21924
9.89259
10.1958
9.88445
8.82235
10.8681
9.75037
10.1127
10.328
10.1401
10.1512
10.0411
9.91609
8.3894
9.42569
9.89507
10.0329
10.1403
9.9979
8.76176
10.0703
10.8445
10.655
9.28423
9.79438
9.27679
9.84222
9.81534
9.56064
10.0371
10.5963
10.1258
9.34857
10.9924
10.3221
10.4837
9.68959
10.8935
10.3172
9.88071
10.0172
10.0535
9.84577
9.97887
9.97397
9.64062
10.0764
9.13793
10.3421
10.1629
9.7293
10.0562
10.3875
9.34574
9.28097
10.2818
9.58092
10.5207
10.404
10.0451
10.5329
10.3316
9.03068
9.59073
11.0272
9.90229
9.68328
9.88701
9.68004
9.79739
10.7698
9.29806
10.0008
10.1381
10.6659
10.2258
10.4251
10.5225
10.023
10.5734
10.8403
10.0208
9.13631
9.25012
10.3896
10.1805
10.9334
9.52371
9.49468
8.92942
10.1102
9.81683
9.72746
9.20398
9.68726
9.88075
9.61473
9.91371
10.0078
9.96807
10.1296
9.86768
8.89346
10.3421
10.8145
10.811
10.3459
10.3275
8.7824
10.1087
10.0283
9.41102
9.79648
9.6365
11.0039
9.97117
9.96186
10.3295
9.89999
9.72679
9.49803
10.1259
10.1904
10.2994
10.0564
9.55067
10.5842
9.82949
9.84534
10.4548
9.91166
10.341
10.7187
9.65735
10.2178
9.55416
8.4969
10.5676
9.96463
10.2238
10.2136
10.338
9.90193
10.6143
10.4461
9.97087
10.0132
10.6612
10.509
10.031
10.3064
10.2691
9.78342
9.62537
9.70899
9.44943
9.6418
10.4285
9.51007
10.893
10.4452
10.3638
10.0778
10.4145
9.55458
10.1014
9.60217
9.89403
9.8738
9.65686
9.71472
10.073
9.80494
9.23075
10.1545
10.9412
10.3588
10.4515
10.2267
10.0672
10.0139
10.4271
9.47291
9.83532
9.52268
10.0304
9.78407
10.184
10.028
10.0108
10.4652
9.22692
10.4805
11.2451
9.77421
9.71902
10.0033
10.1474
10.0146
10.5442
10.1977
10.6971
9.68918
9.7149
9.85899
9.62294
10.69
10.2257
9.87288
10.392
9.79804
9.89474
9.75458
10.2201
10.3478
10.075
9.60564
9.88583
10.3489
10.6159
10.0921
10.2865
9.21111
10.4526
9.97897
9.30323
9.70016
10.5081
9.59985
9.58145
9.26638
9.57285
9.70841
10.4755
9.86484
10.1068
9.82256
10.2087
11.2271
9.73565
9.64715
10.1617
11.0045
9.28786
10.3884
10.1835
10.7488
9.88603
9.6869
9.79214
9.52387
10.3076
10.1175
9.75886
10.0962
10.3873
9.9721
10.1462
8.84291
10.5368
9.54565
9.01521
9.41032
10.189
10.8627
10.2677
9.60378
9.03815
10.5975
10.373
9.41201
9.7719
9.45698
9.72307
10.3393
9.80086
10.0707
10.2284
10.0715
10.0247
9.85325
9.38695
10.2837
10.3224
10.1183
9.77606
9.73823
10.1021
10.5009
10.0372
10.3834
10.8326
10.4421
10.4894
10.9756
10.0996
9.82721
11.1067
9.70171
9.60578
10.4548
10.105
9.82407
10.0213
10.2466
9.82345
9.64859
9.44466
9.96473
10.3144
9.77329
9.95264
9.98238
9.43204
9.63578
10.4339
10.0199
9.80948
9.40239
10.2367
9.32119
9.63791
9.96395
11.0963
10.084
10.1856
8.88849
10.2273
9.94596
9.61408
9.71866
10.5484
10.1138
9.71261
9.0433
10.0327
9.95663
9.64959
11.0174
9.24272
10.7539
10.3662
10.0734
9.95803
9.86822
9.43925
9.21142
10.3381
9.53186
9.16851
10.0702
9.1636
10.709
10.6786
9.71351
9.91324
10.0827
10.8801
9.95315
10.3683
9.20431
10.4012
10.0914
10.6383
10.1718
10.2375
10.2089
9.56455
10.339
10.2445
9.80543
9.87465
9.92626
9.63259
10.0507
9.66445
9.47116
10.7664
9.40851
9.83817
9.87995
9.56189
10.4399
9.51753
9.88991
10.1575
9.06013
9.46916
9.77558
9.9366
9.39822
10.6144
9.72167
9.8155
10.455
9.58977
9.61394
10.2091
10.6371
10.6578
9.80741
10.2064
10.5018
9.79269
9.93797
9.63127
9.53126
9.92889
10.3889
10.118
10.4339
9.89587
9.31453
10.2757
9.90086
10.6638
11.0304
10.3007
9.63589
9.22575
10.1706
10.4344
10.2649
10.2323
10.1931
9.81829
9.78895
9.37407
10.7287
10.6853
10.126
9.53445
10.0878
10.2044
9.8741
10.6117
9.81209
9.35312
9.65814
9.7145
10.3016
9.11919
10.2321
10.4247
9.50128
10.5457
9.79165
9.07812
9.60211
9.69486
10.3821
9.52077
9.98003
10.3873
9.76843
9.7285
9.29019
9.68585
9.43585
9.40394
9.89996
10.9039
10.0023
10.8207
10.2801
8.68081
10.3063
10.5848
9.91987
9.54601
10.5985
10.487
9.59475
10.5511
9.66707
9.64442
10.4332
9.69393
9.74695
10.5539
10.6786
10.181
10.7727
9.8025
10.2433
10.3636
10.3804
10.0485
9.68141
10.648
9.92815
9.95004
10.4931
10.2411
10.5
9.71582
11.232
9.37603
9.70997
10.0232
9.93659
10.9684
10.0235
9.42586
10.1154
9.92816
10.9239
10.895
9.78442
10.4477
9.66848
10.2024
10.0989
9.69389
11.0891
10.3232
10.2888
8.79818
9.58117
10.3249
10.2241
9.45918
10.3028
9.33135
10.5328
10.2185
10.6189
10.3124
10.3851
10.2347
10.3687
10.5697
9.58172
9.58105
9.80386
9.9537
10.4964
9.90833
9.31417
10.137
9.90875
10.2418
9.6691
11.1424
9.81326
10.7258
9.3787
9.38747
9.94211
9.62957
10.2268
10.1668
9.97175
9.23554
10.6313
10.1378
9.98744
10.9929
10.2289
9.9776
9.81197
10.4255
10.3571
10.3134
10.6122
10.0576
9.91742
9.6472
9.71432
10.2792
8.70265
10.0518
10.6932
10.1919
10.2192
9.63216
9.78737
9.43333
10.1218
10.1192
10.732
10.1568
9.95268
10.2698
9.49603
10.4396
10.0846
9.61837
10.145
10.3591
10.0339
9.89166
10.2509
9.80439
9.97099
9.49778
9.8411
9.96595
10.3246
9.95605
9.14673
11.2832
10.5819
10.8448
10.0848
10.055
10.9671
10.976
9.15477
10.4132
9.69959
9.04093
10.0088
10.3596
10.2428
9.96523
10.0498
10.4613
9.72795
9.52194
9.61536
10.0286
9.87199
10.5835
10.13
10.0984
10.7455
10.1907
10.3178
9.73184
9.77318
10.0295
9.33653
10.3122
9.82147
9.91866
9.73968
9.56343
9.83961
9.33399
10.0688
9.54357
9.52713
9.19703
10.9168
9.55716
10.0872
10.1578
9.56676
9.99299
9.26519
9.75874
9.68559
9.16123
9.93863
9.88147
10.2804
9.70155
11.2047
9.04676
10.4102
10.6626
9.44474
9.90698
10.5283
10.2626
9.80661
10.3142
9.44126
9.68505
9.5659
9.61092
11.3742
9.50343
10.0833
9.65397
9.39427
10.0807
11.0535
9.75086
9.75372
9.89222
11.3247
9.58555
9.32737
9.82837
10.2351
10.1669
10.2884
10.1265
9.74401
10.7578
9.38918
9.25872
9.63933
10.479
10.4336
9.14433
10.0372
9.33606
9.25009
10.4826
9.81215
9.91816
9.80861
9.77098
10.3437
9.64218
10.2774
10.73
10.5185
10.8539
9.45229
9.62357
10.2879
10.2684
11.1508
9.82203
9.42936
9.86409
10.5895
9.61618
10.1531
9.96302
10.1065
9.77333
11.1299
9.42142
9.94646
10.8704
10.2666
10.8914
10.3141
9.83105
10.1546
10.2476
9.50024
9.77776
10.3917
10.7371
9.00802
10.3116
9.6409
9.54094
10.1423
10.3839
9.77948
10.7503
10.0332
9.93398
9.74115
10.0618
9.95149
9.39684
10.217
10.2111
10.8092
9.91284
10.7038
9.48883
9.94793
9.33391
9.03282
10.43
10.2143
9.32186
10.1367
9.97412
10.3986
9.3073
9.28515
10.2339
8.71753
9.69144
10.209
10.3371
10.8193
9.23019
10.0766
10.1213
9.85754
9.99288
10.4182
10.374
10.3831
10.482
10.2408
9.94329
10.3086
10.4014
10.2136
9.93648
10.7193
10.3532
9.47574
9.86855
9.69028
9.41197
9.54019
10.1933
10.2161
9.77348
8.77249
9.53532
10.5124
9.30134
9.59542
10.1021
10.1354
10.9318
9.56403
9.95288
10.3394
10.8511
9.33403
9.69323
9.3863
9.80587
9.92138
10.5635
10.7329
10.3605
10.4506
9.92082
10.1818
9.20958
9.98919
9.95418
9.8688
10.418
9.12255
9.81188
10.5043
9.55064
10.0258
9.72208
10.1214
10.1027
10.0404
10.4734
10.0479
9.7992
9.80549
10.0934
9.97622
9.73692
10.3568
10.0389
9.13069
10.1294
10.0901
10.2016
9.4251
10.0459
10.2214
9.76948
9.80807
9.95412
10.1083
10.1356
10.7162
10.3809
9.81308
9.96215
10.095
9.63329
10.7224
10.7334
10.4501
9.84024
10.2597
10.4747
10.1211
9.45244
9.81781
10.4165
9.99668
9.70002
8.77792
9.79727
9.72482
10.074
10.8317
10.0419
9.49894
9.28945
9.55069
10.3539
10.5125
10.5352
10.2355
10.029
10.4875
10.1814
9.98633
8.64306
9.78688
10.9446
10.3353
9.32196
10.3848
10.0172
10.9187
9.83264
9.00678
10.7895
9.93367
9.77108
9.96425
10.3463
10.4912
9.87693
10.5406
10.2457
9.24292
9.99654
9.68129
10.168
10.8021
9.7767
9.30882
9.92755
9.25171
9.67418
10.1204
10.0681
10.0688
9.77997
9.94299
10.1745
10.342
8.94349
10.0241
9.87451
9.52891
9.0384
9.56287
9.73494
11.2686
9.1311
10.1938
9.81907
10.2653
9.55811
9.03385
9.20845
10.3705
9.78249
9.74859
10.2432
10.5151
9.81375
9.99727
9.06744
9.80844
9.03468
11.1029
10.7996
9.95641
9.55708
9.39488
10.0796
9.95241
10.5966
9.87296
9.93645
9.03125
10.4849
10.0145
9.78461
10.6799
10.687
10.0857
10.0972
9.40214
11.1607
9.58585
9.57737
10.3552
10.5303
10.1834
10.1577
10.5083
9.74334
9.36924
10.5357
9.05736
9.46367
10.4839
9.84775
9.42074
10.6588
10.259
10.2067
10.7085
10.5768
9.60462
9.60229
9.84121
9.9552
10.1673
9.81539
9.31416
9.52934
10.6169
9.05216
10.0299
9.8421
10.2595
10.3897
9.55689
10.0985
9.3695
9.62879
10.0594
10.3758
10.4835
10.2346
10.1369
9.86418
9.38475
10.9631
9.62356
9.4225
9.43451
10.5087
9.25542
10.5804
10.606
10.3682
10.0644
10.3757
9.20167
10.6128
9.81808
9.97546
9.77085
9.76039
10.1443
10.0399
10.1386
9.84272
10.3978
10.0568
10.5608
9.83992
10.1002
9.65803
10.1168
9.53421
9.34412
9.83376
9.61674
10.6677
10.0025
10.8872
10.5558
9.87072
9.90898
10.4033
9.76585
10.7404
9.89687
9.59317
9.97961
9.53732
9.97466
9.68494
10.5292
9.74939
9.07485
11.1901
10.218
10.3182
9.95624
10.2462
9.55404
9.96604
9.81524
9.55336
10.3939
10.7894
9.85669
10.0522
9.52968
10.2777
9.46367
10.7036
10.0813
9.93849
9.47763
10.3726
8.69157
9.80698
10.6976
10.1118
9.63803
10.3736
9.9791
9.32826
9.32431
10.0372
9.64182
9.96018
10.6853
9.20917
10.6948
10.2063
9.08059
10.3836
11.0543
9.78353
9.72669
10.0085
10.5273
9.71824
10.2272
10.2525
9.60797
10.5532
9.95412
10.3396
10.6789
9.12852
10.3332
9.85765
10.544
9.61423
9.57604
9.65885
9.72284
9.14719
9.4026
9.79356
9.83686
10.117
10.748
9.71975
10.4517
9.62064
10.3686
9.51368
10.0139
10.2941
8.70735
10.3358
10.334
9.36774
10.3849
9.97139
10.2805
9.33637
9.24709
10.3877
10.1142
9.43149
10.3729
10.0225
10.1133
10.0977
10.497
10.0019
9.64405
10.0277
9.3792
10.2671
10.4392
9.80726
9.66681
9.12073
9.69295
9.86035
9.47501
10.3155
9.5459
9.79477
10.2244
9.14614
10.5021
10.003
10.1322
10.3806
10.1462
9.90899
9.52057
9.7364
10.0408
10.3115
9.59363
9.93796
9.94629
9.20241
10.6377
9.82035
10.5789
9.66295
9.71159
9.38053
10.0982
10.3321
10.4198
9.96406
9.83583
10.1591
9.31404
9.79926
9.00223
9.96761
10.2385
9.98136
10.2534
9.48756
9.97158
9.66385
9.85089
8.69838
9.88026
10.1281
10.7262
9.22622
9.00196
10.3616
10.2901
9.73162
9.45744
10.0634
10.4586
9.81129
10.847
10.1842
10.4999
10.7058
9.65103
9.60438
10.8744
9.69046
10.1265
9.28029
9.96898
10.5291
9.39801
10.7337
10.3444
9.43567
10.0609
9.92043
10.3043
9.96465
10.3804
9.89522
10.2693
10.084
10.0308
10.122
9.92715
10.1886
9.29741
10.6151
10.2575
10.1339
9.63555
9.97207
9.23312
10.7573
10.1264
9.73925
10.0941
9.36467
10.681
9.86563
10.3717
10.2549
10.0262
10.9987
9.83821
10.5279
9.68152
10.4861
9.46452
10.374
9.7829
10.5226
9.92143
9.63865
9.62449
10.4007
10.157
9.98586
10.6937
9.65932
9.81627
10.4073
9.96177
9.94081
9.73872
9.26132
10.7441
10.5483
9.05533
9.92126
10.1878
10.0718
9.62515
10.3839
10.3213
9.94043
8.89433
10.6047
9.51935
9.6669
9.86133
9.39666
10.1967
10.1584
10.0042
10.2718
10.8216
10.235
9.02219
10.2335
9.85352
10.0391
9.84609
9.868
9.49337
10.1395
9.66246
9.63907
10.3905
9.97021
10.3235
10.0572
9.71747
9.38759
10.0315
9.48432
10.1217
10.733
9.9909
10.4261
10.4402
10.1064
9.78854
8.05136
10.6113
9.77656
9.55206
10.275
8.59795
10.2447
9.96195
11.0362
9.25843
10.4711
10.6156
10.6909
11.0695
9.82233
10.0406
10.0848
11.2101
9.50471
11.5606
9.47822
9.87596
10.2829
9.89861
9.91201
10.4622
9.59086
10.1874
10.5523
10.089
8.80927
9.67822
10.7831
9.85536
10.3123
9.99637
10.1623
10.3054
9.34306
9.76912
10.2696
10.5507
9.95009
10.3611
9.78675
10.0585
9.43981
9.58505
10.2667
9.2484
10.0269
10.5649
9.89763
9.72786
9.92414
9.79151
10.2237
10.2452
10.6803
9.85082
9.3839
9.86795
10.0757
10.1437
10.562
10.1322
9.73387
10.5298
9.53344
10.6495
11.0028
11.3744
10.6447
9.22964
10.3276
9.45824
10.144
10.4505
10.5547
9.95495
9.68652
9.97619
10.1317
9.86552
10.0758
10.9291
9.88011
9.4952
10.1013
9.11178
10.1673
11.1586
9.965
9.42605
9.92491
9.71056
10.1706
10.5649
9.96038
10.5131
9.68157
9.89419
10.367
10.3192
9.60038
10.5724
9.77986
9.65145
10.1126
10.0776
10.8482
9.62985
10.1423
9.83784
10.4394
10.6638
10.1427
10.1117
10.094
10.0995
10.5373
10.0728
10.2133
9.82825
10.1585
10.5233
10.2279
9.03879
10.1741
9.82486
10.9073
10.4537
9.78618
9.99732
10.1629
9.62626
10.4397
10.2876
10.4875
10.0859
9.52049
9.27805
10.1505
9.99343
9.9648
8.79945
10.8446
10.2719
9.37277
9.93898
10.8219
9.49109
10.4843
10.323
10.195
9.52733
10.5282
10.7543
10.111
9.62776
9.91581
9.60671
9.63234
10.6114
9.70879
10.8476
9.96355
10.4282
8.74121
10.2438
9.00925
11.166
9.09831
8.85621
9.49193
9.54351
9.08519
10.2522
11.0569
9.65919
10.5577
9.92805
10.5038
9.93728
9.9393
9.92019
9.54912
10.131
10.4133
9.01254
9.93732
10.6709
10.3572
9.82479
9.64602
10.1937
10.1302
9.96736
10.2618
10.6398
9.77266
10.313
10.3893
10.1953
10.5014
10.6758
9.93774
10.0983
9.75007
9.67739
9.91319
9.56293
10.1975
9.76393
9.95985
9.28264
9.65401
9.70054
10.1387
10.0621
9.85635
10.0944
9.93477
9.54344
9.80144
9.97132
10.4869
10.2777
9.43155
9.41414
9.65529
9.82734
10.3658
10.6746
9.62118
10.2849
8.29809
10.1419
9.37908
11.6334
10.9016
9.88214
10.1889
9.59732
9.9526
9.96023
10.2946
9.56636
10.7672
9.6409
10.5768
10.5987
10.4562
8.87649
9.45638
9.68269
10.2261
9.53333
9.66375
9.92033
9.86213
10.0828
10.8031
9.34076
10.1124
9.89654
10.114
9.7758
10.4372
10.7577
10.0987
9.87535
9.64655
10.3043
9.80935
10.0363
10.6049
9.81375
9.99596
10.5558
10.2674
9.55335
10.1214
10.556
10.3757
10.3114
10.0117
10.3792
9.10124
9.91223
10.3701
10.3002
10.217
10.2305
9.74248
10.483
9.95001
9.85086
9.48012
10.126
10.5097
10.2642
10.1299
10.0791
10.4763
10.5801
10.8849
9.78888
10.3978
10.1611
9.78381
9.58066
10.0055
9.75145
9.73391
9.62593
10.4882
10.8235
11.3298
9.5997
9.40442
10.7112
9.71406
9.25121
8.88591
10.4742
10.6619
9.91737
10.7088
9.60428
9.41137
10.0698
9.96726
10.5258
10.139
10.105
8.89362
9.95485
9.80369
9.87514
9.9767
9.35212
9.95915
9.89024
10.7358
10.2626
9.59765
9.71066
10.1426
10.4057
10.4566
10.4109
10.2559
9.42933
9.43162
8.86108
9.4142
10.8001
10.2713
9.87028
9.82718
10.0766
10.0665
9.88993
10.1724
9.21383
9.74187
9.95637
9.63501
9.14671
10.5826
8.99078
9.75293
10.4124
9.60628
10.617
9.4581
9.19436
9.97606
10.1502
9.56302
9.26544
10.5261
9.85401
10.827
10.4707
9.28936
9.83867
10.0787
9.8622
10.013
10.6238
10.1835
9.79715
9.5536
9.22336
10.4831
10.0764
10.6376
10.6176
9.56134
10.0865
10.2553
11.0397
8.3745
10.6836
9.87032
10.339
10.0941
10.357
9.21383
9.30226
10.0627
9.31849
9.87139
9.42871
9.81577
10.9117
10.4631
10.3916
11.0652
10.9626
9.92049
9.86181
9.63106
11.144
9.47708
10.3407
10.3411
10.0701
9.99515
9.27314
10.0931
10.6537
10.5769
9.98516
10.1357
9.61876
10.472
10.5583
10.6027
9.15605
10.698
10.2012
9.72315
9.98481
10.2153
9.78312
9.31537
8.71146
10.5915
10.0395
10.8576
9.22836
9.94121
9.46532
9.49099
9.63456
9.16561
9.80844
9.8452
9.28408
8.80259
10.1911
9.66616
10.1336
9.6926
9.85423
9.40212
9.93102
9.34877
10.2215
10.0585
9.80213
9.2675
9.41475
10.249
10.2593
9.88235
9.4952
9.34853
9.61374
9.75563
10.8255
8.78015
10.1975
9.51394
9.74751
9.83988
10.1357
9.24727
8.78156
10.3424
10.5102
10.2716
10.2067
9.2577
9.6811
9.2901
10.47
10.5461
9.91953
10.5919
10.086
9.94525
10.1306
10.2871
10.0948
10.6765
10.2737
10.4437
9.83744
9.42414
10.1332
10.3786
9.47923
10.0374
10.0118
9.72355
10.361
10.1186
9.09878
9.53413
9.94305
10.0169
9.9299
10.1112
9.96134
10.2865
9.38568
9.04625
10.8924
11.1144
9.40378
9.81349
9.08376
9.20781
9.29331
10.5408
10.3785
10.0034
10.6701
10.0046
9.97899
9.60371
10.5242
10.7124
9.81802
9.99761
9.97112
9.45339
9.48888
10.4122
9.97252
10.5465
9.85147
9.93917
9.46304
10.6961
9.72137
9.46413
10.0175
9.77173
10.2991
10.1276
10.4089
10.3115
9.96487
10.2496
9.59984
10.086
9.78605
9.63009
10.3022
10.2279
10.0431
9.76497
9.92403
10.3601
9.94299
10.1205
10.4351
10.4333
10.4154
9.78286
10.8107
9.64769
10.4859
10.403
9.4675
9.43164
10.8198
10.4369
10.1732
9.83998
10.176
9.97392
9.39541
9.77383
9.96399
9.65972
9.96637
9.80907
9.75575
9.65803
10.5918
10.5341
9.20072
10.268
9.32187
9.6211
9.6721
10.2097
10.5856
9.55621
9.39051
10.6321
9.86129
9.44185
9.45247
10.773
9.94569
10.4318
10.0999
9.80862
9.54284
9.93418
9.71003
11.4618
9.63244
9.78642
10.7662
9.54271
9.87609
10.4413
10.1044
10.2772
10.1936
9.3541
9.91273
9.58893
10.9063
10.3013
9.64856
9.37937
9.83406
10.329
10.0637
10.4555
9.73801
10.4109
10.1553
9.38565
9.4068
9.09574
10.1121
10.3338
10.7236
10.1994
10.3401
10.1864
10.7262
10.2089
10.0105
10.7148
8.93573
10.021
9.04556
9.88718
9.60621
10.3402
10.2593
9.94876
9.66045
9.77984
10.0334
9.65591
10.4547
9.71959
10.4647
9.48486
10.0126
9.54428
10.7176
10.3334
10.6185
9.82593
9.575
10.4883
10.2555
9.93799
10.8573
10.0371
10.1417
10.2851
10.0922
10.4043
10.387
10.0768
11.1571
9.60708
8.99431
10.6205
11.4077
9.74808
10.0549
10.1957
9.91173
10.9702
9.37649
10.3112
9.56777
9.9112
9.28306
9.56049
9.73577
10.8246
10.3562
10.5946
10.7773
10.4197
9.91626
9.60048
9.63979
10.0262
9.55745
10.2753
8.94378
9.85272
9.73069
10.5795
9.87271
9.78879
9.49391
9.82527
9.99925
10.2307
9.21519
10.5942
9.25261
10.0756
10.1248
10.2237
9.89154
10.0555
10.031
9.82088
10.1298
10.3919
11.4213
9.858
9.87805
9.87362
9.65665
10.4237
9.8776
10.054
9.29307
9.4917
9.09576
9.9742
10.109
10.5411
10.3667
9.55231
9.62724
10.4224
9.69149
9.47998
10.1881
9.50959
10.3544
10.1646
9.99982
10.1484
10.1499
10.2031
10.2251
10.0246
10.2785
9.67026
10.0275
9.34256
10.5866
9.53714
10.092
10.1819
10.3863
9.45564
10.416
10.5358
10.1691
10.1097
9.89221
10.2435
9.89775
10.6283
10.0201
9.45489
9.4127
9.71866
10.0133
10.1855
10.1421
10.538
10.1311
9.92243
9.57246
10.2433
9.04526
10.7941
10.0634
10.1034
10.0674
10.031
10.4439
10.2827
9.63577
8.58946
10.2457
9.8358
10.6756
10.3342
8.95016
9.24089
10.8438
9.98885
9.70516
11.4409
10.7791
10.5787
10.0233
10.0526
10.6957
9.00767
9.55925
10.1601
9.85155
10.7934
9.95864
9.96706
10.0351
10.4198
10.1089
10.3589
9.74834
9.87252
10.5706
9.69789
10.1548
9.79453
10.4217
10.3672
10.5163
10.3631
10.246
9.82671
10.1002
9.13302
9.45229
10.5993
10.239
9.38125
9.91564
10.1061
9.77385
10.3112
9.95764
10.4731
10.0041
9.95391
9.52303
9.61626
10.5636
10.6669
10.386
10.0485
8.92658
10.4823
10.0895
9.69828
10.6239
10.5934
11.2028
11.2131
10.5647
9.62491
9.17929
9.20339
10.6517
10.0121
10.4755
9.47525
9.82033
10.4647
10.8616
9.98796
9.46062
10.6495
9.76544
10.2295
9.16257
10.13
10.3437
9.77024
10.2499
10.3124
9.88875
9.16037
10.6471
9.64839
9.18938
9.34624
10.1945
10.7122
10.0493
9.77122
10.6815
10.7729
9.91235
9.22813
10.801
9.75114
9.31385
10.0769
9.06573
9.13331
10.8098
9.88394
10.15
10.3058
10.6636
10.2159
9.01683
9.43906
9.71604
9.85909
9.88196
9.63888
10.0356
10.408
9.19373
9.35981
9.57139
10.0116
9.5607
9.31396
9.81617
9.34298
10.0059
9.24408
10.9734
9.04298
9.4309
9.98839
9.05685
10.262
9.89149
10.0025
9.29954
10.1513
10.4498
10.7537
9.89207
9.58017
9.94982
10.3041
10.2948
10.2596
9.34008
9.60203
9.7798
9.70589
9.45802
10.82
9.3188
10.5401
10.4758
9.2097
10.2388
9.50061
9.77524
10.5174
10.1008
9.5577
9.54809
9.71106
9.87599
10.0498
10.8669
10.2917
9.75633
10.4165
9.92594
10.3095
9.9835
9.016
9.63885
10.2666
9.98424
9.16458
9.85074
10.3133
9.71759
10.3256
9.95383
9.88978
10.2005
9.86443
10.0563
8.87718
10.1213
8.93625
10.0683
10.3405
9.56946
10.2949
9.63897
10.3234
10.4876
10.0076
9.65835
9.8512
9.69073
10.5884
9.01964
10.2658
10.1854
9.58472
9.6675
10.1563
10.3667
10.6687
9.84876
10.6511
11.3343
10.1043
9.94044
11.6371
9.37829
10.042
9.95024
10.9079
10.6179
10.1747
9.84863
10.2065
9.79505
10.4853
9.83866
9.60728
9.54222
10.4068
9.57675
9.8844
10.0934
10.3472
10.764
10.9024
9.40169
10.2006
10.056
10.3717
9.77414
9.44141
10.0941
9.57604
10.9789
9.39711
10.1218
9.51249
9.89265
9.55466
11.0285
9.89907
9.86159
10.7471
10.5962
9.98581
9.9126
10.2284
10.2124
10.3023
9.8433
10.571
10.3021
10.1357
9.61074
9.62931
10.2999
10.9863
10.4289
10.2654
10.0319
9.02
9.57662
10.1371
9.86894
10.0241
9.90091
11.4595
9.54363
10.1144
10.2165
9.78534
9.35665
10.7969
9.87173
9.89957
9.84564
9.57799
10.7062
9.40553
9.37158
10.2495
9.69933
10.1221
9.96569
9.76871
10.016
10.3398
9.08859
9.9758
10.493
9.14282
10.7777
9.82041
10.0105
9.95183
10.5679
9.74203
10.1716
9.86827
9.23615
9.91983
9.5161
9.47466
10.588
9.78533
9.89941
10.0134
10.5496
9.52146
9.74819
10.6893
9.71363
11.1294
10.1073
10.8428
10.1832
10.2812
9.2886
10.0399
9.13621
9.28137
9.45315
10.3245
10.4885
9.5917
9.90737
9.47486
9.88119
10.7691
